S0001000010000000001000001010010001100110000001000001010010011000101000110100000101000001000110010010
00000000001010000010001000100000100010001010000000100100000100010010000001010000001101100000000010100
00010000001100000000010000001010001100001100000010101010001100101000010000000000001000000100000000100
00110110100001000110000000110001001101100110100100001100111010010001001001001001000001000000000000010
00101000000000111000000100001000000000001001000000000011001100010101000101001100100100100010001000010
00010010000010100000111101001100011100000011110000000011000010001000001000011010110000001000100101100
00111010000010001000100110001100000100110001100000011110100001100010100000001101000000000101001010010
00010000010001000000010001110011100111000000001001010001000101001010000000000010010000001000100000100
10010000110001100010001000010110110000110100000001101000101000000100000110001001101010001000000001010
00110010000100000010001001000010010001010011010010100100010101000001110010000100000000010000000100010
10100000010100001100100000000011011001000000000001110000011000010110111000110001000011001011000011001
01001100010001101000010111100111000000001000001100000000110101011101001010100000000011100010000000100
00111110000001001000000001100000110010101110110000000101100100000001010100100011001001110010110001000
11000000010010000010010101000001100011010000001110101000000001010000000010100110001000110000100101000
00100000100010001100011000000000011011001000000000010001011000100010010000011001111000100000100011101
00000100001000100000100110100001010100110000100001110010000000001000011001000111100010000010000010000
00011110010100100101010000001011000000000000000000000010011110000000000110100000010000110100001110110
10000000000110001001000110011000001100010000001001000100001101100100010100110000001110010010010100000
00010011100100000100000000010100010001001010010000011010100001100001000111100100111000110100000000100
00000100001100001100110010001000000110001100001000011000000100010000000001010000011000000001010101101
11001111110000100100001011100100000000001011000001010000010000100011110001100010001101011010001000000
10101000101010000010000010001101000011110010000100000000100010000000011011001001000000010000101000010
00000000000011001001100001110001010010010010010010011000110100100011000010000101000011000010001111110
00111000010000011110001100000000011100101011110000100100001001101011011001011001101100001010000010000
00000011001000000000000110101100001011011011010001010000001000010000111010000000110000001001000000001
10000000011011010000000100010010010100010001001101000011001011101100000100100000010000100000011100011
10100010010001011011101000110010011000000101011000110011010100110010001000000001000010010000010011000
10000010010010001000000110001101011000010101000000101100011010010100101000111100101110000100000110000
10001001100010000000101000011000110010001010001001000000000000001001110101010100001000000000001010000
00100010000000000000000100001010100000010001000100111000001100000011010100000000000000001100000100001
00100100001100001000110000101010010010000010100001110001001100011010010011001010010000100010000000000
01100011100000000001000101010010000000110001000100011101010011011000010001000000001000111010001010000
10011100100100000000100010011000000100100101011100110110001100110100010010101000000010100101001000001
10100100000000100111101000100000000110000001010000100011000000011000011000001011000000011000110010110
00010000000001000000001010010011000010001011010000001001101000000000010000000000000000000010000000000
00100000011010000000001011110000001010110101001000010000110110001101111000000000111100000101000000000
00100100000100101001100001100001011001000000101011000100000010001101100110001011010101000111100000100
00110001010000010000000010000100001000001001001000000011100100010000110010000101100000001011101101100
00000000000010001010000001000001100001100100010000000010000000000000011000010001000000010100100100100
00100101000010100100010100010011100010001010010101100100000100001110011101100000000110001101001000000
00001010000000000011000101000110001101000100011001001110001000000000010001001101000000001101000100100
11000110000110001111010110010000000010000010000010000000001010000001110010001001101100100001000010000
00101001101110001000000100001000110000000100100001000010111101100000000110101000110010001000110101001
00000001100000000000010100000100000000100010110011000000000000100000000110110011010011010000011000000
10110000011001110010000010100000100110001101100010000000000010110000000010101000000000001010010100011
00100000100101000000001011101000110110001000010001110010010101111110000110010000010000001000000001001
00001010001011101010110101000010000101100100100000001000100001000100000010110000001000101001100011000
01100010010010111000100100000000101111111000010100100001111000100000010101000000001000100000000100110
00000000000000000100000101100010000100001000011011100000100010000101000011001010101100110010100000000
11010100010110000000000010000001000001010100101100000100000000111000000001100000010000000111000000010
00001010001111010010000000110101000010000101001100000010100111010100110000100001000011001000110101101
00011000101001000000000000000000000110100110101000100100101001100100001100000100000000000000001101101
00000010010001100001000000000000000011111000010001000001000001000010000000001000001100000000001110010
01110001000001010000001010010001001011100010011010000001000100110000100000011000011000110000111001000
00101000010100011011000100010000000000100100110000000100000110001010110100101100000000010000010010001
00010010011000101000000001001010100000001000000000010000000010100100111001000000000000001000110000000
00000000000010000000101100000001001110101000011000100011000100001100000001001000000110101001000000100
00011100010011001101100011010000010100001010000000101010000010100011111000101000001100101001000100011
10000000010011111010010101001000100010111101001010101000000100000001000000010000011001001010100000000
01011000000010010110101000001101000000000100101001100000000100000000100000100010110000111000001111000
10000000010110000001000010011111010000101000111011010010100010110000000000010100100001000000011000000
01100001010000011010001111100100000001000011001010110001011100010100110001000010000010110110010010010
10111010100100001010000011000000010010000100010001100000000111000000100100000000100011100010110001101
01001000001111010100000101010001001011111010000101001100100000000100001100000001100101000100100001000
00011010000000000000000100000110011100100010001011000000010001000010010110000110001000000100100000001
00010000111110001100010100000000100100101000000010001010000111110110000000100000010010000010000000100
00000110100010010000100000000000100110110001000001001000000110010000100001010000000111001100100001011
10100100000010000000100000001001000010000010001101100000001101100001001100110100000010000100100110000
10100000000100010000100000101000000000010011011100010101001001001001110000010010001000110000100010010
00000000001000100001000111010001000000000101010110010000010000010101011000001001001000000001010101010
00000100010000100100100001010010001000100100000001100101010101011000100001011100100101000100000000010
10000101000001000001101010001011000000010000000101000000001000000000000000101100010010110001011000010
01100011100100000001100101000100100001101110100100000000010001000000001000101010010000000111001001011
01111000100001000101001000101101100000100011100110100000000000000000000010000000001000000000000000101
01010000000000100000001000010000010000000111000011100010011000000111001001001010000000101001000010000
00100000100010010001000000011010001000101101000001000010000100000000001000000100000000001101000001000
00000000001110100100010000011100010000000001000110010010100010000000100011001010101010100001010110101
01000101000010001110101011100010000011010001110000000000101000001001000100100000000000010000010000000
01100010100101001000000000110100001001001010100110000000011000001000000000101001010101000100001100100
01001000000110110100100100010000100000000001000010110001000000010001010010000001000100000101100000000
01000100010011010000000000000111010100010000001001000000010100010100000101010011000100110000010001101
10000010011100001000110000000000010000100001010110100011101000010001000110100111100100100100001101100
00100000000001000000000010000010100101010000001010000100100101010110100010000000000000011000011000000
00100010010001110001010001000010001101000010011000101101110010001000011111101000011010000011110010001
01010010001000000000100101011000100000111100001011010000010001011010110001000101000000000100000000001
00000000011001000000100110101000000000000011010010100000101000101010010000110000001000001000001011110
10100010000000101110011001000000010110100000000100101000010010001111010000000101011100001010001001000
01000001000100100000000100100000001000000001110001100010001000001001011000001001100110110110010010000
00110010100100110110001000000011001110001010010100000001100010011001000000000111000000100001010010000
01001011001100000110001000000000000010010100000000010000000010001000010000001001001001010101000001000
00011001010100010011001000110011101000000000110000000000000011010111001011000010000001001010100010101
00000001010000001010000000001101000011001010110000000100000110000100000010001000001000011000001000110
00110000101000000110000000000100110001000000000011010000000001110011000000101001001000011000001000100
00101000000001001100110010001011110100000111010010000011000100001100000000000000110010110110111001100
00000000000000000011001100000000000010010100101010001011010110100011000100000000100000001111000000100
10001010000000000000010100110100010001001000100100000000000010010000000110101010001010010000000001000
00001101001000000000101001011101000100000101101110001000010001001000101100000101000010000001100101000
00000100000000011110101000100010000011010000010101000001100000000110110001100001010100000000000001101
01000001100100100100010101011000000000000001010100001000011000000110011000001001000000000010001000000
00010000000000000110000101111001001001010011100101111010111001001100110000010010000001111010100001000
0010001000111001000010110000100010000000010000010000000000000010100001001011000000000000000011101010G
