S1001100001000000001000110000100001001110000001010010010000000000000101100010001000001100000001000001
00110001010101000101001100011101000000000101011011010000000011000100001100000000000000110000100000100
01001010101010001101000100110000000000101000000001000100011000100000000000100101011101000000110000000
00100000000000100011000001001100010101000100000000001000010010000010010101000011000011010010011110000
00001001100000100000001111100000001000100100000001001100000000100000100001100101011000110000010000000
01010111110010000000100000010110000011001011010010100010010100101000111000001000000100000101000100001
01010000000001000000010110100000000100001101000110000010000000000000001001100010110100000000010000101
00110010000001011000100100000000001001001010000000000000010100001000000011011001001100000110010000001
00000001101001110000001011011011101101000011000100001000100000111000001000000000000010101001111100010
01010101010101101001000001001001110001101000010001000000000000100000010000000000100010100000000110110
10110000000010111000100001000101100000010010100010001001010000000100000000110110000000011000000000000
00000101100100000000100000100111010000010001000110001110110001010000001100000101100111001010000010001
11010000100100000110000010001010101100110101010101010000111000100000000000001000110000100000100000000
00010100000000100010110010100100110010001100101010000010000001000010010011001010001101101010100110000
10000001001000000000001011100000001100010100011011010110000000001011001001000100000000010101000000011
00000001001010010001001011101100000001101011100101010000000000000001001111100110101000100101010000001
01100000001000111111000100000100100101010110001100001110000110100011010000000110000110000010000100010
10000101000000001001100111100011000000010000011011010010001100000010000010000001000100010000000000010
10100100000101010000100100011010001010101000000000000110100000000110000000111101010000100000000000001
01001010000010110011100110001001100110110001001000010000110001001001011010011011000000010000000000001
01000100001000001000110001001000010100000001011101010000101000101100100000010000000110100001111000001
01000000110101110110010100111011000000110100010010001001000000000100000011001001010011000110100110000
00000100011001000101100100100100010000010011001010011010000100000000000010100000010000010111001001010
01010010011010000001000011100000100110001001010100100100000100000100000000010000000100000000000000001
00111011100000001000100101010000000000011101100101000100110111010001001100001110000000010000000001000
11001010110000000111000110000001000000010010001110010000001000000010000000010001000100000000000001000
10000010000000100011001000110101010011010000100000110100001110000001001010100001000110000000100000010
01100010010010000110000000001001000000001001001001000000010110100000001100010000000011101000100000010
00000100010001001101000001000001110110010001000000001010100100010001001010000000100011001010101110100
00001010101001000001000111100001000000100010110101000000100010100100011011011010000000001011000100001
00110000001010001000001000100110001100010000001000000000000000001010000010001001110101001000100000100
01001100111100110001110100000000001010110010101010011101001000011000001101101101010000101000100000001
10011000100101001101010110101100000000000011100000010011001110000101101000100000110010011000011111000
01001000000100101000000010001001001001100000000000010001010011000010001100000001110001000101010011110
01000100001011001110001001100100111101001000011011001001110010011000000100000000001101001000011100101
01001101001000001001000000100000000000101001000001111100000000100010000010110000100101000010010001000
00100110000000000001001011010000101010000000100010100000000001001010110000000000010101001000000101000
01010100100100000010010100010001101110000110000100000001000010011000001001010110000000100011000000000
01001001010100001000000001010100101000001000000010110111111101000010101110101100000001011010010011100
00111100100100001001000001010010000011010010000010000001000000001000000000010101010001010010001010001
00100000000010011110000100101010010000010111001000010100001010000000000100010010001001100000111010010
10110100000110010001010000000110110100100000101010101011100011111010100110010101010100100000000010000
00010000011000000001110100000100000000011001100100010000000110001000000000101000000011100101101001110
01000100100011001000011010100000000000000001000111110111100000000010011000000100000000001001010001000
00100001000100111000001001100101000000111000000100011100001000001011010101000101000000000101000000000
01000000010001101001100110001101100000011011000000010110010101001001011001000000010000000001100001000
00100000000000001000110000010100101010100010000010110000001000100010000111001010010101000111010000000
00001000001111100010111001100100100011000101110000110101010011110010000101100111001000000010000110000
01101000000001000000001110011000010111010101100000100100001000010110000000000000001000000100000000100
00000000111000000000011001100011010000000010001010001001011001001010000000010001111001000100011110000
10011010010000000000000000010000000000001000010100101001010100000100110011000000100111000000000000100
00010011101000011100000010010010011100110110110010000100011010001101001100000001110000100000100110000
00000110100100011100000100101000010010000010000001001000000000011111001000000010000100011110100010010
00001100000000010100101010110110000000101000000110010001100000000010010011000101000101100101000010010
01000000100000000100001100011010101000000000001000000000000010000010000100101010001010001000100000001
00001000000000000001010000100010011000011000000010100100000001001001001100100100010000011000000001000
00001000010011010001011000100000011010000100001000000000000110001000000000101100100000000000000000100
00000000000001001010001010110011000011100101010000100010000010000101110101000000001000010001000000011
11010000010000001010000000110000010001101101001011100100000010000011110000110000000101100000101110000
01000001000010100011111101000100000000000011100000100011011001010000010000000000111001100010111000000
01010100011000010000100000000100000100100000010000000010000100001010000000001001001010100000100000010
00001100001100000001000010001000000001010000011000000001000100100100000010101011101000010101000000000
11000000000100010000000010000010001010011001000100001111001000010100000000000000001100101000010100010
01000000110100000011100000111000000000101000001011001000111100100001000001000000001101000110000101011
00010100000010001000000000001100000000001100000000011111100001111001001010101111100110011000010000000
00001111000010000010000000000000000100001010100010100000011100010010000100110000001010100101010001010
10000111000000100000000100000000000000001001000010001001000000101001000101000101000011100000010110100
00100110110101010000001000110001111000010100000000101000010000000000100000110100010010001001110010100
10111000000100010100000001000100011000101000000001001000001010001000001000011101110100001000001001010
00000100000000000010000000000000010001011001010111000011100111010001000001110000000100010001000011010
10011110000011110100100010011000000001001010100001000110010010110010011000101100001010100000001001011
01001000101100000001011001101000010000010000110110000010100101110101001010110100100101000010010100100
00101110011000100000000000110000100100011000000101000010100000000000000000010011010010111000001000100
00001101100101001100000001010011011001110100010010000100001110100000101100100000010000010010000010010
10000000000000110110001000100000100000001010100100001100010111010110101000101010001000100100001010001
00000010001010001000011000011010000100000001000000101011000001000101000000010101001001110000100000001
01000000000010001111111010010101010110010000010110000100101101100110000000000010000110000100000011000
10101011000001110000000000000100000000000000010010010000110000000011000001100100010000010000110110000
00110000100100001001011000100111000011100100010010000000001110001100001100000010000000000111000110000
00000001010010010110011000010010010000000001000010000000100010100001011001000000000001001000110000001
01100100100010101000100000001000100001100010010011110001000000000010111000100010000000100000101001000
00000101100010100011000000010000010000000011000011010000000100000001010000011000101000110000100110111
01001000010100011000101000010001010000011100000010010000110101001001101000000011101010000000000001010
01000001010011000111101001010101000100000001010100000100000110100100001000011000000000000100101000100
00001000001010110101000010100100010010000010100010000000100000110000010110000011000010000001000111100
10000000000010001000100001011100110100000100001011000010110100000000110001110100011010110001100101000
00001000101001101000010011001011001110010001100000000101000000101001101010010110000001010000101101010
00110001001111001000010010000000101100000010010111000000010100110000000001000000001100010001000010100
00000000000100001110101010010100100001101100001100100000110000100010100001110100000110010000000001010
00010011001100111000011101110010001001000000010000000101010111010100100000001001010100000001100000000
00010010000010100010110110001101001000000100000110011001001100010000010000001000010010001001110000000
00001101001000010010100000010101001110000001000100000000010100101000110010010000010000001100000000100
00000001000000000000110001000100110111011000000001100000000000001001010000011110110001100000000100011
11011000100010100000101000111010100101001100000011000000110000010000001100000000010100001110100001100
01001100100000111010110000000001000010100000100001000000000010000100000000100000000001100101011000000
11010001010001011100000011010000010000011000000000010000100010000011000000101100101010010100100000010
00100100000100100000000100001011010000110000000011010000001000110100101001001000111001001010000000000
00111000100100001101100011001000001011000001001010001001000010100010100010010101101100000000011100111
00011100001000001001000000000000100100000110000000100010010100110110010000101100010000001010000000000
00000000010100010000000101001110001001001010001101001001001010001000000101000001010101001000001000100
0000011001000010000000001010100000010000010010011010011000010000000101100001000000000100010111100101G
