S1010010000100110001100000000011100100001000000010110100001000011010001010000100001010000100110001000
00001101100011010010010010000100001010010100010110000010000000101011011101000011110010100001000110000
00000010101111000110000100000100000100010100101000000101110000001000010000011110000000000010100000000
00000111000000010000000100000100100100010101100100010110001000000110100101000001010001000001000000001
01100000000000000110110100001011100100000011001000000010010001000110000000111000000011000000010000010
10100100011101000100010000110010001001010000010100010001100101111000000000010000010010000000000001000
11101000000000000000001100001101101010001011100101001001000101000010000000011010110001000011001010010
00100100111001010000001011000110000000100000000000101001000001000101001000011010100010010000001011000
00001100100000001001100011000010010000101100100010000000000100000000110001000011010010100000101110000
01010000010100000001000100010000001010100101100000010101011000000011101101000001010010111100001111001
00000001001000101101100001011000001101000000000000001000100001000000000000000100100000000010011001110
10000000111000101011010000001000100101100011000010100000100001000000001010100100011000000000010000110
00000000110000110100000000000000101010001010010000010110000110100100000100000001011000011100010000010
10000110100011100010101000100100101001101100000010000000000101001010101010011100010000000100000011001
00000000000000001001000100000010001100011000100011000001101000000000100101001000110000010011011001110
10100000001000000001001110100011100011000110000000011101010000000011001100000000100100000001001100000
00001010010001010010100011010011010001110000010000110100000010000101011000011011001000011100000011001
01000000011010000001110101010100100110000011101001011010000100101000000000100011000110100010000100100
10010010000100000000010010110000101001010000000001100000100000001000110100000001100000010000101000100
01100000001010100001100110001001011000000001000110000111101001011000010000110001101101110001000000000
00000000100010100110000010001010010010110010000100000001000000001001001011000001000000000000010001000
01000010000101111000010000100010101001001010010100100000111100011001000000000110100000010000001010011
01000000000000010001000100001010100110110000100001010111000100000110000011100010000001100001011100111
01110010001010101000011000000010001000000011100010000100000000001000001011010010100010000011101000100
01000000111001000000000001110000001001100000000000000100111010010011000001000000000101011010000011001
10110001000000000000011001101010000000000000011000010011110100000111000100110000010000000000110001001
01001010010100000001101000001110000111000000110000000101000000110001001100100000010011000110000101001
00011000100101100000000000100100000001000100101000010100000101001010100100000001000001111000100100000
00010111010000110001001100101010001010010100010111000000000000000000110101010100010010000110100000000
01101000001000010001100010011001101110001000010000100000101110000100110011000101110100000110110100100
00001000001001000000000010010000011001000000000000000011011000001100100101000110001000100001000001010
11001000001100101100000000100100001100100000000000011000100101000100010000000011100001010000010010110
00000110010000110000000010001101000001000110101011000000001101100110001000001010000011000000000101100
00000001101100010001000000010000000100000000000100000010010110001000110001010000101000110001001010100
10011010010000011000001001100000000000100100110000101000000010000101100101000101000000011100010000101
00011000001000100100000101001100000010100100001101010000001100000011100011000010010000010001100000010
00001000000100100000010100101001010000000010110011000000100011010001000011000001101001010000100000000
00001000001001000000000010001110101000010001100011100100010000000101001011100101010011000001110000000
00001011010001010001100000100110000000111001011000101000101000010000100000100011010000000001000000001
10010010001100000000110001101001000001011100000001001010001001001001000000001000101100100110000110001
00101110000001010000001000101011100000000110100100011010100100001011100000000001000101100000000000001
00010000000101100101100110010100011001001000000101010011101000000010000100001110001000011100011000000
01000111000000001100000000001000001000100010100001001010100000010000100000000001000110110011010000100
00111111000100001000000000001000100100101000010101001011001001011001100100100000001000010101100001000
00111000110000100100001001011000110010000100000000011101001001000100100110000000001100110000000000010
00100000000110000000100000000010100000011000011011000000000000000000010001000010110010100010000000111
00100000000010101110000011010011001100001000101001101000000000011010000000000000101001100001000000000
00110001100010001110000010001100001001100000011000100001000101000000010011000001011000101001001111000
00101100100100111010000000000011110000001001001000100000001000010111010101010110000011010011010010101
01110011000110010000000100000000000111000110101010000000001101000100000010100100010010110001001000000
00010010100001101100001000101001011000000011101001010000000001000001001000000000110010100110101100000
01000011100010000010010010100010111101001001000010110001001000000000010101010000100100010010110011001
00000010000000010000000000010000100100000100101001010000000100000101000001001100100000011100001001000
10000001111110001000001100011000000010100000100100000111100101101011001010000001000010000011010000100
00001010001100100000010100010100001000001001010000100000001010011000010001000101110110001100001010000
01100000001011011101000000110001111100111010001100100001100000100011000001000011010000000100100000000
10101000010100011100100000000001001000100100000100111101001010000101000010000010100001000001000100000
00000000011010100100100101000000111000100000000010101101000000000010101100101010100100011001100000000
10010010000010010000001110000000000100000001000000100000000010000001000000000100011001001001010000100
00011011000001000010101001110001111010001010100000000111000000001000010100110000100000100001000101000
00100000100000100010101001000010010011000001000001110000000100110000000001000001010000100110010000000
10111110100100000000000101000001001001001010111010000101100000011110000000001111000000100001001100000
00001000001101001101000001100100010011101010000001110000000010010100011001001000100010100001100000000
00000100001100000010000101100010010011000001001001101010000100010011000000001100001000000101001010010
01011010010010000101000010001000100011001110111000100010001010101010011000000101011100000001100010001
00001000101100000000100001000110001000001100110010110000010000010111100100000000010001010001011100101
00000000110001100100010001000000100100000001000000001010101100010000000000000100000000111100000100000
01000000010000000000001001101001010111001000100101001001010001000000110000100001011000010101001010000
01000010000101001001000010110001000000001001000110001100011000000000100000001100001000100011100000010
00110100100110010000100000000110100000000011100110000000100010000001100000110001010100100010000000011
00010101010111000001000011010001000101111000000010001000010000001110000010000000100001000011010011000
00110001000100101101010100111000011000001000010001100001100100100000101001000100100010010000000010011
00001101010001100111001011000100000001001001000001000100101000000000000010000010111000010001010001100
10100010010001010100001000000000101000001000001100001000001000011100011000000100000000010000000000000
00001011100000011100011110000010000000000001110000000010001110001001110000000001100100000001000000010
01001101100000010110000101111001000101100000000010001000010011010000000110101000001001000100000011000
00111101000000011000001110000101000000100000001010000000100000111001001001100000001000001110000000001
10110010011000000110000001100000010000000010110000000010000001001010100001001000101000011000100000010
00010001000001011101101001000001000010100000000101110010001001001000010000011110010110001100110110100
11101001001010110001100101011000001000000000010000000111111111010101001101010000011000001000000011111
01100010100000100100010001001001001010000101010011000001011100001000000011010100010101010000100000000
01000110101010000011000000101010001001101010000100100011100000001100011100001010111001001011010000100
10000000010110000100010011000110000100000000111000000010000000000000101010000000110100011010100000010
00100010110001001000010000100000001001100000010001000000000010110000011000100000000101001001000000100
01000011010011100001000001001010000000100010000011110000010000000001010010101011111011010000111001000
00000000001000000100000101000010001000000001100010010101000001100001001001100010001000000010001011000
10100000001000010001100100000010101010000010001010000110000000000111000110000001010011000000001110000
10000100010001000000001010100110010010001010101001001011000000010111000110100001110000100100100010100
10001000011100011000000000000000001010000001000000000000110100110000100000000000000001000001000100000
00001011100010001011101000100100101001000011000100000011100010000010001010111000000100100100000010010
00000000010111000010001000101101000100000100010000000001101000000110000010000000101000101100100010000
11010101110010000000111000101001010000110011110000000100010000000000100100001001101000000010100000000
00100000011000101110000011010001100110001011000010011000100100010000011000001010000000000001000010001
00011010010010010000000101000000001000010100010101001010000000100000110000001001110000000001000010000
00000101000001000011100000100111010001000000111111010000001000000001010000011000000010000000100010010
00001001100001000100100100010001001101100100010101000000000001100001010100000001101000011101000000000
00011000000001101001111000100100000000000011101000001100010000000000100001100010000001110101010000000
00010010100000000110001100010100000001001000110001011110000101100011110001100000010101001010010001001
00010100010010101001101000100001111000000000000110000010001001000000100011010000001000001000100001010
00001001010010100011000010010101000100100100000011000100000001000110001001000000001001101010101001001
0000101100111010010100100101000100100111001110101100000001001001110000000110110100001000010000010110G
