S0001001000000010000100010101100110010000000111000000101000100100101001001001100000011010001000000000
00100000010000001000000000100010001001000000001100000100100000001001010000111000000000000010100000000
00110100000000100000000000000100111101010000100100000011110000000110100001001010101100000100010000000
01001010010110101011011100010011100010000010111100100000000010000011000010000100001101001100010000000
01101100100010010100001000001100010101010101101000011010000001000001000000100010001000101011010000100
00001000010010000001110100011100000011000000010110001010001001001000000000010010100000000000010001011
00000100000010100010100000100001000010000000101101000010001100000100011000010000000000110000101010000
00000000000100000100010100001001100000000000000100000100010010000010011011000000101111000000000101001
00000000000000000110100001101000100000010010011000011110000000000100101101100110000000001110010100000
00010011001000000001110000010010000010100000000100110001000100000001001100001011000000111100101100000
01100001000001001000000010000000010000110111101010000000101001000010000000100100011000010100000000000
00100000101000100010001001000000001000100000110100100000010000000000000100001011001101100100000000000
00001000000111100011000001111111001010000000110001000100100001010110010110000100000010010111000010000
00000000101001000000101010001100000011110100010000001100110100000000000000001101001001101100101000010
00011000001100000001010100000000001100100001100000010000000100000001010010010100000011100000111000010
00011000101001010100000110100100101100100111001100000011000000000010010000000000010000000000001010000
10001001100100000000000001000010100011010000111100000000010111000010010000110110001001100001100000000
10010000011001010101100010100001000001010100011000010100101001100000011001101000001000000000000000110
00000000001101000000000001000000000011001010000000011100011000001001010010010010000010000110010100111
00000001010001010110001010011100010001000000011000100101001100010000100001010100001101000100001001100
00100100010011101000011001010100110011010110010101010000000100000001010001011000001101010111000001000
01000000101000101000010000010000000000010010110000000000001100010100100010011011110010000000001010111
10000000001000011010100010100011001001010000110100001000110000101001100000000110001001000001000001001
00000110000001011000100100010111001001110000000001001000000010000000010100000011010100100000101000100
00011101000011011000101110010010000000100000010010000011000111101011100010001000001010000011011000011
00011000010100000000100000001110000000110100000000001010000001000100011010100100010000000001100001010
01011000000110000110011000000100000000001001110100100101100100111000011000010101001000010101011101001
11001001010111001000011000010101000010000000000010000110100001011110110101010000000001000100001110001
00011100101100000000000011010100110101101100000001010000001100010000010010001000110101000010101000011
00000000011000110011010000000110001001000001001100000100001000000110001010100000100000000110001001010
00001001010000101110000110000010100001001100010100100010010000001101010000100100100000100110101100000
00011010001100100000000000000100010001000100000100101010110000101111010010000000100001001000000000000
00000010011000100010110000110000000000000000100000000010001000010010000101000100000100100010101101110
01000100000100010000110001000001100110001100000001000000110001000100010101011000000101000010000011000
01001110010110110000000100100101100111000010100100000000000011000100000111010100100010111001000110101
00001000111010001000011001000010011000010110011000010001001000011001000100000000111101001000100001010
01100111001010000001000011010000000001000000110001000100001010111011000010100000101001010001000000100
01000111010000100010000100001000001001011001000100110100110001000001000001010001000000011111001100111
00010000001000100000010100010000100010100100000000110000010010010000001101000000001000010111011000100
01010000101000010000000111110000000000000010000100010001100100000001000110110000000000010100001101000
00101000000000000001110000000000001001001011010000011000000010100011000100010000001111010000000010001
11000110010110000011001011000100100101001000110010110000101001000110001010100000000010000000000000001
10010000111010010000000011001101000100000100011000000001000000000010001101100000101000110000000000101
01010001000101110000010001101000000001001100100000000000001110000111000000010001100000000000001010000
00111010010001000100110010000001000000111000000100010000100001000101100000010000001100001000100000110
00101011000000001000100100010000010010111000010101001000001000010011101001100100100011000000001001000
00100000000000001000001000010101101000001100000010010000000110101001010100000000010011000011000000000
00000000000100111000011110000010111010011001000101001001100000000001001110110110100010000000111001000
11100000010000110110000110100000000010101000000101010011101000000000011001101000001001100000100000100
00011011001110001011011100000100000001100100001011100001001000000010001010000010000101011001000101011
00010110100010000000000000000000000111001000001010101001000100100100100000001000000001110101001001000
01000000001000001111000000000000000001001010001000000000011001000001101100000000100000011000001100110
00111000010100000000010000110000000000011000001001100000110100011100010000000010001010000001010110001
10001010000000001010010001100100000011010010000000000001001000101100000010100001010100001111000001110
10000010000000100000010110001100000000000010111010000010000010000100011010000001001010111000111001001
00000000000001010010110001010100011010000110001000100000100101100000000000000010010010001100100100011
10110011010000011000001010001000010000010101100110010101010010000110001000010011010001110010000100000
00000000000000000100000000000000010101001010101101010101100111000011000001111010111000010001001000000
10001000000000000000101100111000011000001010000001000001101001010101000000000010000010000101011000001
01101001000000001001000100010010000001000011001001001011000000000100101001000010010000011100100000010
00100000001101001110011100100011011010110101101000000100100000000000001000000001101001010110010011000
10010000100001110000100000100000000111010010000111011011100010001000100001000000100110000011001011000
01000000000000001010000100010010100000000101010111000010001010100001111101101000000000000010000000110
01011000001000011001010010100000100000000000100001100010010000000010100011000001001011010011010100100
00000000001110110100001010100001101000001000001011000000101000100011010010101000001001100001011010001
11011000000000000001000000101100010000000100000000001110100100000101010001010110010000000000001110001
10000011011000111001000000001100000000100101000000010001010000010001000001000001110000011000000000000
00100011010100010000000100100110010101001010100000000000000000011010000000001000000011010101101010000
01010001000010000110010010100000000001101010000000000100011000001000000010000000011010110010100110011
10000000011101010000100010100000000100110000010001011000000000000000100000010001100011100000100001000
01101100010100010001100000010000000000000000011000001000010101001010100000100110101001000000110000000
00001100011001101001010001100010000100010011011010111000000010010011010111000100100001000000100000011
00000001000000000000010000100000100010101000000010000010000010100011101100000110011001000011000110010
00000000001000110011000010010100000100001000001000100110000000001000000110101001000001000101100100010
10010110110100100011011000100001000010010000000000110011011010000100000000010001100010001101101100111
00011000000001000100100101001110100000100000010101100110100000001110010000011101010110110100011001000
10110011000001001011000101101101000101001100000010101011000000000001000000011010000101000000001100000
00000110000101001100000111010001010010101000100000000010000000011100000111000010100000101000011010000
00000001000010011011000000001000000000000111000011010100100001000010100000000010000101000000000000010
00000010000100101010000000001010000001100111001100101001010100100000001010000000001110000000010101100
01001001001000000001000100010010110001001000000010110011101000000010000010110101011010010001011100000
00100101100000110001110010000000011001000010010111010000011001101011000010000000000000001110101000110
00100010101110110000000001000000100010100100001000000110000000100001000010001100000001010000000000101
10010001100110000001100100010001010000100000000101000010000000000010010001101001000001010000000000100
10010100010011010100000010001000011000010001001000000000010100101000001100010010001100101001000001010
01001100000011101100000001000100000000001101000100000110111001000110000000000111000100000000011101110
01011000100000110000000000101000000010000001001001001000111000000100000000000101110000100001010000000
10100000101100010111010011110000010010000000000001010000000000000100010000000000000010100000010010110
10000010101000010000001001000000100010000000111000001100111010000010010010010001000101000000000000100
01010011100000101001010101110000110000100100000010001000100001010100001000100001100000001001000100001
00101010010110010100000000100100010000010000000000010000101000000000110001000010001000100010010000110
00010100010011000111001000001101001000100011100111000100000000100000000000101001001100010000011100110
00010100110010010000000100001001010001000101010000110010000110000001000000011000100000001000010000100
00010000001100001001001000000000000010000000001010000001000100000000100100000110000111000110000001100
00010000001010000001100001001010100100000000010001101001010010010001100100101100010100111001000101110
00010111110000001010000110000000000000100100111000000100110000111010000000000100001110000011010000100
00100010110100000010000000001001010100000100100111010010000011100000011111000000001110010010100110000
00101000001110000000011000001000100100110101001010101001100000010100100001110110100000001000100101001
01011101001000000100010101001101000100000000100001011001000000110100000011001000001100000110000000100
10010000000100001001100011010010001000010000000000001000011001101011100010001000011010010010000000111
0100001000000000100101000010000100001010000011000010101001000000000001000011101100000010010101000001G
