S0100000000001101000000000000100000100010110001000000110000000011000001000000001001000000000001101001
00001111110000100001000000100000100100000010001100001100001000100110010001001001100010000000000011000
00100001000001010110011100000000010001100100100101010111001000000110011101100111000000010010000010001
00010000001000000000000101001001011100010101010000110111001000001110001000000010000000101001011100000
10000100000000000010010000000000010011000100000000010100001001100010010010010010011000001001100000001
00000011000100000010100100101000000001010000010010010000001000010000100001000001000000001101111001000
00000111100001111110101100001111001010010010010100000100000010110001000001001001000101000001001100000
10000010110010111010100100010010010000001000000011000000000001000100010100011010100011000010001000010
00100110001100000000010101101001000000001001000000111001000100000010001101000000111000010001100000000
10011001001100000111010001000000010001010000011000000010001011000001000001100000100110000010110100100
00011000100001101011000110000010000101100101000001000100100000010000000010000010101010101100001110001
10100100100000000000110000100010000110001000100101101010010010010111010000000000010001000000010100010
00101000100000111100010100000010100100001100101101000001100010001001000111000101000100100100011000000
01000100101001011101010010010110010010010001000000101011000000101000000100010000000101010000000011111
10010011100001000111100101100000100000000111101000000001000000001000000010100000000000001010100010000
10100010110010010000100010000010100010001011110010000001000100001000000011010100001001001000001100110
00000010011000001010001000100100110000010011100010000010011010001100010100001000100011100100001000010
00010000001011010101000110000000100100000010100000010010010000000001101001111011100000000100100010000
10000001010000100000100000010000110010000100001001001011000100001001011000100101011110000001100000100
00100011000001000100011000010010100000001010000101110110100010000101010000011001010001001011000111010
10011001110100110000100010000000000000110101001000100100110000001101000110000000101100001001010001010
10100000010001100000011000000000010100000000110010001010000000011010000000100110111000000010100101111
10100101000010100000001011011100011001011000001000000001000000100000000011010000000000000010000101000
01100010001100000000001000101000100111110100000000010011001101100000101100000110010000000000000000001
00010000000001010000000000000000101000000110011100010011000000000001000000001000011010001000110100011
00000000000110100011000001101011010000000000010000000010001011111010000011001010000101000001001000010
01010010000101000000011110000100000001010000000010110000000100100010010000000001010101000100000000000
01000000000010000000000101100000100000001001010101000000100001000001100011000000101010000000010100000
01010011101001010010010000000000000010101000000101001101000100011111000001110111010001100001100001101
00100101100000010000000100001111000010001100010101010010001010010101111100001000000101100011011000000
10001010110000011100010000001000001100000010001111101000000000000110000100100001011110100011000000000
00100000010000000000010001100001000001100101100110000000111100000010000001000000000101000000100100110
00000010010000000000000111000100101101000110010010000111010000010001100100000010100000110001010101011
01010001000011010100000010101000010100011100100100000011110010010001001001111000000001100000100000100
10010000100100100101000001000001000101100010000000010010010111010100001000001001010100101110001001001
00000001000001001111010010010100110000000010011011000010110000000110000100100100000000100110000010110
00001001010011000000000011110011011000001000000010100010011000100000010001010001001000000000000101010
11010001110000010010001110001101000000000000011000100000000000000000000001001000110000000110000000001
00010001001000010100000101011010100000000001001001000001110000010000010000000000000010000010010001000
00010010000101011100000100000001100010000001000010000001100011011110000000000100011010001100000110011
00000100001010101010011000100100100000001101010101010110010000000000000110111110001101100010110001001
10100000000110001100001000010101000000000000000100100101110000000100100101001000001000000000000000000
00000011100100100010000111001100000001100001100000110000000001100001000010000001001000100111010000101
00000010101000000010000001000000000010000000100100000110000000010000001011010000000000110011000000000
01000001000001100000010001000000110101101101100000101011010010100000011001010000011010010100000110000
00110000010100000010010010001000000101000101000001101010000100000101110100000100001010000110101101100
11000101011000000000000000001101001001100000100000000101000100000100001111001010100001010110100001000
00010000000100100011110010000010100101001000000101010111001101100010110000100001110001110000000100000
00000000010000000101001110001011000001001000100110100000010110000010011010100000010100011100010101010
11000000100000000000101001100100100001001000000000001010000000001000000001000101000000010000000010101
00001110010000010111100010010000000010101110011010110010110000001011001100000000001000000100001000011
01000000110100111111001000000100001000000001110010000010000000101100000000010000100100001001000001000
00000100000011100000011101110000101000001010000010001000000010000001000000000000011010001110000010000
00100100010000111100000000100010100010100001100010000000011010000100000100010100100111110100011100100
00000000111100110000010000100100010011010110010000001000101000000010011100001100000001010001000000011
00000010101100001110010010100111101000110100010001000000010110010110100000101000000001100001001001010
00010001000111010000001010010011100000000000101100100000000101100010100100000001000000000001100110001
01100100010001000010101011010000001111111000101000110000000111000000000011100010000000001100000000001
00001000000000000000000000101110001000110100100110011101101000000000001101010000001010100010100001100
11110000000001000100101110101000000000000000101000001001000000010110100010011101011010000100010100000
01100001000000000100001000110100010001001000001000011100110000000110010000100000000100000000100101111
00000100010000100000000101100000000000100010100110000111001000000000100110011001000000100001110010100
00010101010101001101011001100101000111011001100001000000000100100010100000100010100110000000000001000
00101100010010100000001000001011110010101000111011010001000010000010101010001110000000000000001101010
00011000110000001101011001110100101011000001001000010000010110000010101010110001100000010010001000110
11010100000000000000001000101100010000110001101000101000101111000010000001010010100010000010101111100
00100000000010101001010100010000010000100001100000000000110001100100010101000010001010000001001010111
01001001101000110100001000101100101000101100101001101000111100100000001000000100000011100000000000000
10000001000000001000001011111000001011010100011000000001100000000001111000101000001011110101000000000
00100110100000000000010100001000000010000100100101111101001000110001000000001100100010000001000001010
01101000001000000001000011000100000001000100100101110000100011101100100100100000010001011001010000010
00000000001010000011010001010001001001100000010100010101000001001101111101100000000001001001000010100
00110001000110000010010000001000111000011000001011010000001000111000000000101011000001010010100001001
00010100000000001000000110101010000000000011000100000100000101001000000010100110111000001010000000101
00001000010100100000000010000010010000100111000000010100100000110001000010011000000010010011000001001
00001010000100000000000000001001000111001001000110000000110010001100000000000011101001010100011110100
00000011001010110001110100000001101001010010100001100000000001111000100000001001100000001101010100010
01001100000000100000000010000011101100001000000100010000001000101001000100100011000000000001000101011
00010100000000000001000101110001010000011000000101000010111100011101101001010110000000100010111000000
00100000010110000000000101000011000000010001100111010010000101000110000000000110001101100100100011100
10001100100011110000010001010000010000000011000001101110000110000101000101000001010100100000100100000
01011000000000000110000000101101100100000000000100010000010100011000110010001010010010000100001100000
11000000100010110010000110001001000010000100100010010001000000101001100100001000000001011100111010100
01000000000001110000100000101000011100100011111101001000010001010110110010100010000010000011011000010
01001010000000000100110000100010000010100100010010100010100001000010001001010000110000100000110000000
01100010101100100000100001110001100000101000000011000000001001000111101101010010001000101001000101011
00001001001101000100000000111011000010000000001100000000000011010001100100001000010000000010000111001
10000010010010000100000000010100001000010001011100001010000010001010001000100000010011011010010011100
11000000010101111000000000110010000100100100110000000001100101010000111110101010010000110011100001101
00010000001011000011011000101101010000000010000001000000001000000100100000010000100001101000000000001
00010110110000010011010100010110110010100000011000001000100001101100000101000100000010100100011101000
00100101000111011001000101001001100111111101010010000001001100000011001001001000001101001000011010001
01010001000110101000000100100100001000011011001001000100000000101100000000101010000100000100110100001
00101000000000101000000001100010000100000000001000000000100110011000001110000000001010001001000100100
00000001100000011011111010011000000010100010101001100110100100001110001000001010000010010000100000100
00101001100000000000000010000000000000011010000110100110001011010000000111000001000100100000010011010
00010000100100010101010001010100000000000010000100111000010101100111000000100010001011000000000001000
00000000110100000001000100000100001010011111000011010000010101010000001001000110000000110110100000001
00110000000001000000010000011000010111000100000010100010001001101010011100000001100010001010000110100
11100111100000000000000001100010100000100001000110100000000001000000000001000101100101000000010000000
0000000000000000001001101010010100100000000001000010000111000010001110011011000110000010011001000100G
