S0110100010001010011010010100000011001010010010000101000101100001001000001100101000000110100100010000
10100101011110000001001000100010100111000110000111100010000000000110100011100000001000110000011011000
10001001111001000010000100010000000100000010010000010110001001100010000010001011001001010000000010110
00000000000010000110101000110001000001011010001101001100001010001010110010010101010010000100000010000
11001100010100101010111011010000001000110100100000110000010000110011010000000101000000000010001000000
00100001001000001011000000000111001101000011100001110001000000010100101000100111000000111000100000000
00101100101101010001000010001001101010100000001000000101000011110000000001111000000000000000001011010
00000000010010000000101100010010100000000011100001000011000001000010000000010000101000110001101000000
00001000100100010010110010010001001001001000000001000110011000111001000001000101000010010001000000000
10011001010000001011000100010100000010001110101101000001100001010011010111001000100010010010001101000
10010001100100101001100101100010011101001000010001110001001111010001000000000101000010111000000011101
00010010010000000011000000010010110110000000111110101100010101100010100000101001110010110100000010100
00001000100010000000101100110000100010011010000000010000110000111011000000000000100011100110100001100
11011000000011001001000000110000000100100010000000000100011010101000011010010000010001100001000111000
01110000100010000001010110101000000000000000100010010010101010100100001110010100000001000000000100000
00100010001001001100010010000000000010100010101101000000101011010110000000010000111010000100101000101
00011010111100000000111011100010000000010011000101000000010000011000100101000100101110000100101001100
11000010001100010100100010010100000000101001001110001000001000011100000011100010000000010000001011000
01001101010000011000000010000010011100000110100000100010010001010011100010100000100100110101110001110
00110101100101000000001001010100100110110101100100000000001010001010000101001000100000000101101001100
00011101010010010101001010101111000101000110010001011011001101110000001000000010100011001011010110101
00110010000000100101001011101010100100010000000000110000100001000000010001000101101000000000010001101
00000101100001110000101000100000001001010000100000000000110000100100100100000001010010000000000010001
10000111001000011101010010110010000111000000010010010010010100001000011011010100000011001100010110000
01011001010100011001000000101110000101100010010100010010000010000100000010111011011010000100010001000
01011001011000001001101011000111100010100101011100001000000011101000000010001010000000110001100001010
10000001000010000111100000110100000010000010011010011000000101001100001000001011110000000000011000000
00010010100000001110000000001010011110001000100100000100011000000000000011000110000011110000001000000
00101000100000001010000011000010110000010110010001100110010011001100011010000110100100001100000001000
10011000000000010100100100100000110001100111010010000001000111001110001000000000001011010000001110000
10001101001010110010011001110001010110100101011001000000000000000011011011000010010100010001000101000
01101110011100000101010000110011100000101000000000000000100000000010000111011000000000100011000110100
00000101000110001000000010101011010100000010010001010001001001001101010101001001000100101110000100000
10000001000110100000001000000101000001000100010010111000000001111000010000010010110011100111010100011
00100000000000001101100000010001010110001100000110001111000000000010011000001100100100000100001100001
00000000000001000100101100101000000001000100100100001110101000110000000101010111010001001000001100100
00100000001101100001010010100101000100110001000001000010001110011010000001000101010110101011011000100
00000011010010011101100100000000010101000000001001001100001000100100000010110100010110001010000011000
10000000100011100010100011000000110010000100010000010110000010110100000100010000001101011010000110001
10010001000000000100100000000001100001010100000010001010101110000000000110001001111011000100000000000
01100000010000110000001000011010000000100000001001000000010000000000000001001001100001001000010001000
00100000011000000000000111100000110100000011000100001000101110000011001110010001000100000000000101000
00001010000001000010000111000100001100000000111110000000001001011001011000000010101001000000010000001
00000010000000000010000100000010011000000000110011010010000000000000000001100000101010001100000010111
01000001010011010010001001001011001100001110010001010111011001000101000000100100100010101011110000100
01010100001000001000101000100001111000110001001101000001000000000001110111001011100111010010100001000
01001001100110000010011000001000000000100100000000000000001010100001000000010000101100000010100001011
01000010000110110101110001010111000110011000010000011000110011011000100011000101010000000100001000000
00010111100000001001011001000001000010011100101000100010000000000010110100010100010001111100000110100
01000000100011010000001010001100111100000110100010110000010000001100001000001010010000100010010100000
00100110110000100001001000001010001101010001000110101010100010000000001100010110100100010000100000100
01010101000010101001010101000100001000000000011000000000010100010010001011101010000011000100000000010
01001000110010000110000100000001010000000000100000000110000011000110100111100010000001000101010000000
11110010110010010000101000101000011100000000110100000010001100100011101000100100000000011101010100000
00000000000000101110010001111000001101000010011101001100101001000000100000000010110100000010000001100
01101100000100001000011010100000000100110000001100100101000000001000101000000101001010110100110000001
01110010000000111100000100110000000000100011100010011011001001000000000000010000000010000001010100011
00011100110110100110111101000001100100100100100001000000000001000001000010000000100000000010010000111
11000010001001110010100000001011010100100000010000101101111101000100110100100011001100000101000010100
10010000011000010001101110010110100000010100000100000100100000001101000110010000010010000001010110001
10000000010001101000100000000110010111000000101010010010100000011001000010100000110000000001010010110
00100110110000111000000010000110100100000000100100000100101001100010011010000011000000110001010001010
00100000101110010110101000100000010000000000011100010000110010010000000100010100001010000010100101010
11000000011100011011100000101001001000010100100100110001100000101010010001000011000010100001010000011
10100011100000000100010000010000100000010100010000111101000101101011010001000010001000001010101011000
11010000000000111001010000000011001000100101000010001101100001000000100100000010000000000100000000001
00000000000001101110000001000001000010011000000100010010000000010101100000100010000000001110000000001
00001100100000001010010010100010010011000000010110000100101000110001000111001000110000100001000001001
00100101000000011001000100000000101000000001000000001001001110000001000010110010110110001100010111001
11101000010010100000001011001010111000101010110100000010011110000000001110100110001000001011000110010
00010010001000101110110110010100010001100100111000110001100011000000010110000010011010000011000000101
00010001000000100010100000010000110000010000100010000100001100110010000000011011011001010010100110010
01101001100010011001010010110001100001000000011000100010101001000111010011000010000010000100000110000
10000011000000000001000010000000110010001000000010001101000110001100010000000000100010000100000101101
00010010010000000010000000000001000001100101101010010000010010000111111010000001001100101000100110100
01000001001000000000011001001001001000000011001100000001001101000000000000010000001100011000011000001
00001000000101000111100000000000001000000100110010001001001001100000000010100100000010001000001001000
00001100111010000000000010000000010001000100000100001100010100100111110100010001010101000000110101100
00000010000011011011101001000000000010000000000000100101000010000001100000100000000101100001001001001
10010000000100001010100100100010000000000001000001101000110000010000011001000100001000000000100100000
01110000101101100000010010001001010001101101000010110001010001110000100001001000100011000000101000010
00011001110011001010100100010001000000011000000110001101000110000100000001001000010001110000010111011
00100010000100000100001100100100010000111100010110011000110000001000101001000000010000000110000000000
01000011000011010101000001000100000000100111010111000100001000100101011000010011011010010001010000000
00010000100000000001011000001010000000000011100000101101011010001010100100101001000001001000000001000
00110010000101010000110000100110100011000010000011000010100100000100000010100001000111101001000000000
00010100000001000101001000010100000110000110101011100000110001100110000011100101010010000100000010010
01100000011101111000100110100000100000000000000101001100100100110101100110011100011100000000100001000
00001001000010001001010100011101000000000000000111001100110000001111000001011001100000010000000000011
00001000001110100001101010011000001100100000000001001000001110011000100000100001010000110000001110100
11011001000100000010101101110101001000100011000100111000000011000011010000011000010010000100000000010
00001000000001011000001000101000000000001010110000110010100101000001110100111000101110001111010010000
01000000100000010101000000000100110000010000000100000001000000010101000111001000010000011001100000100
01000001001001000100110010000000000110100000100110000001100101000000000000010111100001001010001000010
00001011000000010111100001000100110100001110000000111111001000000001001010001100011100000001000110001
00100000100000000001000101100010011001101100100100000100000001101010000010000010000011100000000000010
01001001000000000100000000100100000000101010000100111000000100100100100100010010000000100110000100000
01000110110101100010000000111100100000111000011000001000000000010000000000000001110001000000001100000
00100000100000011101000001010010000010000011101000001000000000001000010011010010001100100001000010110
10000001010001001101011100001001000010000100110010101111000010100110001000101100000010010010000110000
0100010000000100100000100000001101000000001001010100000000100010001000000000000010101001000001010100G
