S0001100001011000001000000000000110110000010100000000000000100001010100101000100011000000101000000000
11011000111110000001101000000001010000100011000010000000000110000100001010000000110000010000000000101
10000011010100010100001010000010001001001111001110100011000001011000000010010000010100000010000100110
00110110100001000000100011000000010000010000110010100001000001101001011000100000000001000111001001111
00000000000001100000001100010000101110011110001010011000110000001100010000001000011010011000101000100
00000001101000111001000011100000010011010010000011001000100011011010001100000000100010100101000001010
00000001100010001000000000000000100111000000000000100110000100011000000000000110100110010001011011000
11100010000010010000101010000010100100000001001000000011101011100100000110011000001100001000100100000
00000000101110000100001000000100000010000000000011101101110001001100000010010011101000110100011000111
00100010010100110001000000000100001010000000100001001010010000011011011001000100100000010000100000100
01000001001010110011110000110100100000100000001001101000001001110100000100000100001011010000010110100
01001111010101100000010101010001010000100100011000000010000000001011000000001100101001111000101001100
00000010000000110000010001100000010100001101000000110111010100000100000000001001000000101100100000001
01110001001001010111000100010100010000000000001000100000001101000100010000010000000000110010100000100
00001100100010000000000110001000010010001001000001000001110000010001100000100110000010010001010000000
00010000101100010000110001000000100000111000000010000110010011101000101110000000100001000000010010100
11011011001100000000000110011010111010001000101010001001010110001000101100110001000110100000100100010
01010011010010000010110000001001100000100000000101000000111011010000101000011000111001000010000000000
10001101100100000010001001001001000000100000001000000010000100000000100000001010010100100101000100001
00000001001101001010001010100100000000001100100110100000010000001011100100001000111000000001010100010
00001000010000000000000001100110000100111110010001100100110000100110000100010101000010100001001000001
00010000000110111000100001000000001001001100110000010010010000011000010101000010010010001001000000000
01011001000101010001000010100100001111000010001010010001000101010100110000101000001000000100101000010
10100101001000100010111100110010000010000000001000100111000000100000010000110010000000000001001111000
00000001000010100100100000000000001100000101010010100011000000100010001000100000010100000010001001000
01010000010000000001110001000100001100000000010000011001000110000111000000001001110100001010101000100
01001100010000010110000000010100000000100111010100100000010010001100100100000100101010000001010000100
01101000100001000011100110010010010101100100000001101100011000010100000011000101100000110110010001011
10000100011000100100100111100101000001100101000000001001000010101000110000110000000010000000110001010
01100001100100110010001000100000101000011001100000001100010001100000010000000010001000101100110010010
00001100001100000000000000000010101001111111011000011100000000100001000000001001000010001010010100000
11000101110000001000000000000001000010000000000010010001000101001101111011000100000000100101001000010
00010100000101100101010011001110000000110010010100000000000001100101001111000011110110010101000010000
11000001110101001100000000100000000001110010000110000000001001000011000100011100000000100101000000111
00000100101000000100100000010010000000001100010011001000000110000010101000001000000000000110010000010
10000000101001000100000000000000000000000010100010110000000000000001001000000100011000000100100110000
10000000100000000110001010100000001000010000111001011000000000001010101000101010010000000001000101000
00100101000101001010100110001000101110000011010011101110100001001011001010111001010111011110100011001
00000010000100000100010000001000011000110000000100001000000001000100000000100000000010110000100100010
11100000000101010110100000000010110010100001000000110011111000000010010100011000010101011011000000000
00001001001001100000000000010000010101110100000001110111010001000010000110000010000011001100000100001
01010101000010000000100101010010000010000100011011000100011000110110000000100010001001100001000001010
00010111101100010101001011001101101001000010000001000100001101110001110000010110011000001000010000110
11001000111100000101010000000000000100111001000001100101001000110010010000110100000100010000010001000
01101001010000001000011010101010011001100000000000100000110010000001000010100000001101100101100000100
10001111000010110111101111110010010100011110000101010100010101000000011101000000100000100011100000001
10000000100000000010010100000010000001001000100011010000001001010000000001000011010010001010111100001
11000000001000010000000010010101100000010010011101011110000100001000011100101000000011011000000000000
00010110000001000001001001001000000110010101100000000001001000000111000000001000100010000011000110000
00110010000001000001000100010000101000110001010001001101010001000000100100000111000000101001000101001
10100000000000100100010010001000001000000010100000000000000100001001101110001001000100100100010100001
00101011000001010100000001100001001100000000000101001110000010100010000001010000000001101000000000010
10001000001100000010111000100100001001000101100101000110000000100011110000001000000110100000000100100
10011000000000001100110100100000001000000000001100000010100010001011010010010000000011100000110010011
00001101100000000000010001011100000000110010000001100100100010101000101000010011000000000000001011000
10110111001000001010001100001000000001011110001001011010011011101000100011000100110100000011000010011
00100110100000100101110100000010000011000000100001100000000000110001101001001010010000110101000000000
01000001000101000011001011100000100000001010000000101110000000000001101110100001000001100010000000110
00000101000000000100101000000100000001000110101001000011101100001110100100010000100110111001000010000
01011010000000001001000000000100100001100001101010001100000100000011001010000100000000010010000000010
00100000001000001110000000000010011101011000001000000001001000100011001000010010101100100010001001101
10000011000001000000010000000001001000010100001000000100001001001100010000000101000101100000011001000
10010000000000000101010000101000000001101000100100000000000010010000010001101001010000000101101000110
00000100100010000000101000010000100010010000110110001001001100010001100100000000011101100100110000011
10100010101000101000010100110100000000101000011110010000000001000000110000000101000000011100100010000
00000010001000000010000011000000000000010000100010101000000000000000001010100100000010100000110010100
00101000001001100001001001000001000010001111000010000100100000010011000001001001010100010000001111010
00010000010000000000000000100000000010000001111100100000000100010100011000000010001011001000010100101
10111000001010010010101001000000010101000101010000100101100001100001000111010110000011100000010100011
00001000000010010100001010011000010010011100000010000000001000000100000001010010000111001010100110000
10100011100000001001010010001000001000101110000010010000000000000001001101101010010100000000111001000
10010000001010011011000000100100001000000001000001010110000011100010000101100001001000010100000001100
00010000101000000000001100001011010000100000010000001001010010000001001110000000001110001000100101010
01010001001101101101000000100000010001001100010101000111001011110000100011001000000000000001000000000
00100010010001000000010000110100001001101101000000001000110100001010010000000010011000000001000000000
10010000110010001000110000101100000100100001000101000011010001110001101000100100111001000100000000000
00011001000101001001000010000011111101000101101101000100011010000001001000000000101000100001010100000
01001101000000101011001000101001000011000001011101000000001001001001000000100010000101000000101000001
01110100100001100000000010011001110001010010010000100100010000100100000100000010000101001000000110100
00010000101100101011100011000100100010101100001000100000001000110101000000000011100001000000110111000
00011000010000010010100100010010111000000010000100110010010110110000000000000010000100000000000010001
01111010100010010010001111000100000000010101011000000000111001010101010110001100100000011110000110001
01010010111010110001000011100101100001001010100010010000100000000001000000000000001111110000001101000
00001010001000000010000110000101011110000000000000000010000110001001100000100000010100011000011001101
00100010000010100001010000001000000100000110100001001100000110010001010100000110000010001001011110110
01000010000101000001000000110011001110000101101011100000000100100000001001010011001001000100000000010
11011000001100101010000001000000001010010000010010010101110000001000001110100111010100100010000010101
00101000100011000000001110000110000000010011000110100000101000001000100011000001100100000011000100110
11000000100001110000001010001011000010100101000100001001000001000101100000001001000000101010001001110
00000000100110000001001000001101010000010000000000001011000000001000110010001001001001010000000000000
01000100000000011000100001000101011001000000011000001101110000000010000010000010000000100000010100000
00100100001101101100000000100010100000001000011000010001101100001100100001001001011000000000000100000
00000000100000010101011000010110010000010101010110010101001001001100110100100000000000100011000010001
10110100001000100010000111001000010010010100000001000000010000100001001100010000100010001010010000001
00011000100011010001000000000000000001001110000001000010001100010001011010000000010000010111010110001
11001001001101100010010000000000011000010000100100000000000001110101011001100011010001010001000010111
10001011011100000111000100001000000010000000010101010000010100100010100000001001001000010110101101000
00110001010000000100001100000000010001011000000100000001000100001110100010001100000000010010000001100
00100000011010011100010001110101100010001000101001010000000000001000000000100010010001101010100001000
00001010010110110000010000010100100000011010000100111001000101110001100000000100000000101000000000000
0001000100100101000010000000011011000000000110001100001101010000010010110000000010100001010000101000G
