S0000010000100000001010010000100000000011000000010101011100000000010000110000001000000000110011111001
10001010010000000000100011100101110001000100010101100001001100110010010010110001100010101000010001010
00000000000101101000000110010011001000010010101101010101000010000000011001000100000100010101011100000
10000000010011000001111010010011110000100000000100000001100110000000000001100001101000100000000000000
00100010010011010010100100000000011000100000000101110100000010010000101000101000010000100110101000000
10010001000000100000000101101010101100001100001000010011000000100000110011100100001000100010000010011
00000100100011100100000000000110101000000001000010100000000000000000000000000000100111000100010011000
00001111000011000001001010010001000101001000000000010001001100001010000100100100100001100101100000110
00001011110100011100000100000001011000100011001110000000101000001000011001000010100100000010000010101
00000000000100000000000001010000101010000010110000111000110000010110000001100101011000100001101000000
00101000000001000000010111000000100100111101000010000001100101010000110001010010010010100100001000110
01011100000000000010010000010000001000110001110010101100000000001000011000000010101001000110001111110
01000000000110001001000100001101000100000000000000000110011000010000000000001001000001000001010010100
10100101101101110000010000000010000000100100110001011000000011011000001011010000010110011000000100010
10001000001101000100110010001100100001100011001001100000100000011100111011101111000000000000000111001
10001000010000000100000011011100010000100010010100010001000000000001000000010100110110010010011100100
00010011001001110001100001100000000101001110000111110001100100001000001100000110000110100000100000010
00101001100000001000000010000001001000110000000001001000100000000010011010000100100010010011101100001
11000001001000110000000110010101010000000000000100001100110000000000100101000001001001010110000100110
01101101010000010000000000110001011010000000000100000001011010111000001000110010001010000001000010000
01000000001000000101110001001000111001000000000010000010110000011100000100110000000000000000010010000
00010000000001000101100100001000100010010000011000000010001000001000011000011000100000000010101110000
00000001100110100000000001011010010111010001001000010000100000000000000101000010001010010000100000001
10000000000000000011010000001110000000100000010011010100000001100010000010010010010000010001100001110
01000000001001000100001000000100001001010011000010100101000101000101010000000000001100000100000001000
11000000000010000001000000101000110001001010011000100010010111000001010110110100011011001000010001000
00001011000010011000011101010000101010001000110000000000100000000000001100000100000001000100001000111
00110000101000010010100100100000000000001100110010110000000000000000110000000010101001000000010010000
01000000110110001010000000000100000001000100100100100010000110000000100000101100000001011111010010000
10100100001100010010001000001000010000000110011000011001000000000001001000000000000000100001000100100
00011000101101101011001100010001001011000110010000110001000001001010010010000101100001001101000000000
11100100001001100000000001111110000001110000100011000100000001000100000000000010000100101100000000100
00000010100000000001000000000000000000010001000010011101000010011100011100011001100010100001000010001
10001100011100000100010000011000000110001100001100000000010001001000000101000010001010000001110001010
00100000111100100100000011010100101000110101000000110000011000001001100101001000000110000110010110001
00000001000000010111000000010010000001100001010000000100000000010010000001001011010000001110010100000
00001010100010100110100000110000111000110011001010101100000001011000011000101001000010010000110100000
11000100100010110100100001000001000100000001000010000100000010010011000001010000101100010010011110000
01011001100010011000010011000010100011101010000010001011010000000010000000001010001000011001000000000
00011010011000011000100000001000000001010010000010110100001010010000100011010101001011010010001000110
01010101011000110010011000010110101101000110000000100111000110100000000000000000000101000101001010001
10100000011000001000001000010010001100011000100000000101000100000101010110110000011001100000110010110
10000000000001010001000001000000110101000010000100000111001000100000000110100010010001000001001001010
10000011101000001110101000010000001010001001000001011100000000001101001100010000110110000100011110110
01100010111010000000100000100100010000010000110000110001010100110011100010101001001000001110000011010
00100000001101000000001110100001001010100010001110100111000000010100101011000000100100100000010100000
11001001000001011111000100000011110001010000100000001101101101101100000001000011100100000000000100001
01010111010001001000000000000001101110000110110000000010110000100101011010000000000010001101001010001
00010101000000100000100110010001000100000000111001100010010000001010010000000001011100010010000101010
00010000010000000010000001101010001100001011000011010001101101000100000100000010000100100010000100000
00001000100000010010001000010001000000000000010010111000000000010100000000000001011100001010010000111
01011001100011100100011001101010000111000000011000001000001011000000010001000100000000100101000000000
00100010001000100111000101100000010001101000101100101111110100000000000111101001010010100001000100100
00000000011000001100100000010000000000000100101110000000010100000001000000000000011010000000000000000
10010111010000101011100101001100011110000100010000110001001000010010010000110001000011000010000110110
10110000001101000110100101000000000000000000101100011001010100101100010000100010100000000101100100010
00111000010000000000001100100001000010011010010000000000011000000100011100001101001100100000000000101
00000000000100100101100011000000001101000111010000001001100000000010010001110011100000001101101100100
00001010000000000100100000101101100100000100110011110101100001110100100001110100010000001001001101011
00110000110000000000010000100101010101001010001101011001001011010100010110000100000000011101100111010
10001010000000000001001011101010010000111000110110101000000010110000001010001000000100110011010100011
00011001100000000001010001000010000000000001001000000000000001100001101010000001001001000000000010000
01011000000001000000011011101011100010110100001010010001010000101010000001000000000001000010001011100
00110010000000010000110110000001100010110000000001101000000011000010101100001110001000101110010100000
10100100000100000000001000000100110101100001110010100010000000000000110001000000110000110001010000100
01110010001101000000000101000000001100100000000001001001000011000011011000000110001010001000100000000
00000011010000010000000001000001101000100111001000011010010011000101000000000000010000001011001111100
00110101110000000000010011000010001111001011001100110000010000001010100001111111100010100101100000000
11010000001000100010000100110000000001000000001001101110100111110110000001100000011000000000010010101
00000000110000101000001010000000010100000010111010010100000100010000010101000101000101010000000110000
10010101001110001000100000000000011110100011010100110010010110100100100110000001000100010101000010101
00000000001000001001010001011010010000010110001011000101001010100000000011101010111000110001000000010
01011110001100010101010000000010000000010100000101100001100001010010111000101010101100000011101010110
11011001100100000000101000001101001010101000100000110101001000011000000000100100101101010100101000010
01100100000000110100100000000000010100010011011011000001001000000110000000000110000000000000000101100
01000010000000001000000010000000101101011000110100100000000000000000010000000101001110000000101100000
01110000010000010100010000101000100000000000011111010010000001010111101001000101110000000010001000000
00000000000000010110001100000001100000000001000000000000001000101010011001001001001010101100001000000
10100100010000001001000100010100000000011001010100000010000000000000001101100010111101010100110000000
01010100000000011010100001100010110100110101001100101000011100000100001011011000000000010001000100110
00010110010111001000010000000000010000100000001000000000100010000000110010110000000101110000000010000
00000000010100000101011010110100000010100001000000000000000010010001010010010000000100000100110101010
00101000101101100000110000010100000010000100000000100001010000000001000000010101010001000010000010011
01101100000100010000001010001100000000101000010010001011000000000100110000110101000111000001000000100
00000110101010000000000000000001100100001000010100100000000100010000110110011011110011101010010010001
01000000000001010000010000000001000000000000011000001001010001001000000000101000000110001001001010100
00101100100111000100000101001010000010000100010010000000000010010110000101000000101010111001101001001
01000010001010101000101000100110110000000101110010000100000000100000000000000010001000100001000011010
00001100100000000001000000001010000111100001001110111001000101000000100100010100000000011010000010001
00101100001000000010000001000100000101010000110100100000010000000001000010110101011010101000011101110
00010100101001011010100001010000000010000001000110000000100110000100110000000000011001100000010001000
10001011101011010110100010010010001001111010001000001010010011010010000000001000100100001110011111110
11110110000100001011010000101000100100100000000100000000010000011001100000110000101011010100000000000
01000111000000011010010011100000100101000010101000001100000001100001001101010010100011000000000110000
01110010000100001001000000110101000110101000000100000100001110001000011000001110001010001101000010011
00000000000000101000100000001001100001001000000010101010001000100001000101000100001000111010011001110
00000001010100011010010010000000010011000010100000100000101100000000010010010010000100110010101000001
01101010100001000000000100000100000100001010101100001010001000000001100011010100100000010001000000010
10000100010010000101001001010000100100000000001000010000000100001010000100001001001000001000010000000
01101100100101100000000010000000101101101011010011001000000110001001110000000000000100010110100000010
0010001001010100000100010000000101010001000011000100100001000100010010000010000100000010000100000100G
