S0011000001100001100010000110010001000101000110000100000000000100010100001001011000100100001011000000
00000001000000000000010101001010010010100101110010100101011001100100110001001001000000000010101100101
00010100100101000000000001100100100101110110100000000001100100000001001000001001110100001010100000001
00101001001001101000100100000100000100010001000011000010000010011110100101010000110001010000001000100
11011111000011000010100011001000110001000001100100000001000010011000000110010011100001000000010000001
01001011100000011100101000101000101000010100000100011111000000000000001100010000000000010001110011010
10000000110010000011000010000000011010000000000001000000000000010110001010011000001000010001000110100
00001000000010000110111011000011100011100010010010100111010000010110000001010000000010100111010011010
10011101111001101101010001000100010000010000110011110000000111011011000000000000011011010011101110010
00011100100000100001001011010101000010000011101000100100110010101100000000000110001001001000100010011
11101001000100110100000000001000001001010000100101101110010111000000100010110010110000010000100001000
01000111001000001001100010100010000100000100100111010000100100000000000000000100001100101010000000101
11011001000100100010010110001000000111000100000000100101000000000011010101010101101000101010000110100
01000010000000000110011011000000100010000010001100000000000000000010000000110001110000000000000101100
01111000000010100000000000000001011000100110001000001001001100000101000100000001000100110011111100100
01010000110000000011101000001010000010011001010001010010010000001010000010000100010100000001000100010
00000000001001010001010001100000010000100100111110011101101010000010100000000001010000100010100110000
00000001000110000100011010110000001011111000000000110000010010100100001101010011010100100000001000000
01000100101000000010110100000100010000011010000001010111100000000010100100001000000001000000000101100
10000010100000001000110000100101000000100110011010100101000000010101110100000010101000010100001110000
10111100000010100111000101000000101101001010001101000010000101001011010110011010110011011010000100010
00010010001100110010010101000000000100100110011000010000100100011000000010110100001100010010100011000
00100001100100000010110100000000001010001001100001000010011100000000000000000000100100001001011010001
01000010101010000010100000000101011000100011010100000100000001100000010000001100001000110000010000001
10100100000110110000110100010011000011000000010000001011110100000000101000000111010100001110000010000
00000010000010111100100100011001000001000010010100010001101110100110110000100100011010011001000010001
11101010100000001100100000000001100000000010100000011011101000000001000010000100000000010000100011000
01000100010000000000000011100000000110100100101001000100000000000000100010000100010010111000000000000
10100000000000101000110100100001001000000000101001001000101100000000000001000110000001000000010000000
11000011001011100000001101000010100001000011010000000000010011101000000000001100000100111000000011001
00000001001000100101000110101001100001100000000100100011011000000010101000010110010000011100000100011
10110010000010000110011000000001000011010010101111100100010000111111100100000100000000110100000101010
00100000101010111011000100011010000010100110110110011100000000000000010000001100010000000001101010110
00011000100000010001110010110010000110000100000000000000000010010000001100101110000000000000010000101
00010100000010001000110001110110111000001000001100010001000100000000000010010000100000000000000111100
10100000010101000010010010001000001000000000000101000000000000001010011100100011000000000010001100010
00001101100100101010001000101001000000101010101000010000110000000010000011000000000101000000011000100
00110110100100001111110000101000010001000000000000000100011010000001000000100000100000010100100011000
00100001111000000101000000000010011000001000010000110001011010000010000010000001000001000011011100100
01000001010100000010110010010000000010100001001000001110010000000110000101010000000100111000011000001
10000001011000010001010000000001011000100100000000110000001000100000000010010010000100000110100000110
10000110100100000000011010001000000000000000000000011001101000000000100110100010000001110010001000010
00100000000010000000100000010011110110000000100000000000100101000010010000100100011010000000000001010
10000001010101001000000110101111000101001100110110110100100001000010010100010011011001000000010001011
11010000100000010111100000011001000011000110010010100010001100110000000010010101100001001010101000000
00001000101110000001000111001000001100000100011101001101101100000100010000000011010011001010101001010
01100000001000000010100101100000100000000100010111001000101000001000100100001000101110001000000000000
00000001111011110010001111001101010000000000101000001110100100100101000011001000000000000000100100000
00100000001000011001000001001010010010000000100001010010010001001010001011000011100011001000001101001
01010000010100000000100100011010010001001000111100001001001000001000000000000010110110011000011000000
01010000010101111010010001001001001100100100100011001110010010110010011000101001101000010000111000000
00101000000100000111000001100001001000100001001100000000001010000100110100001000100110001000010000000
00010100000010000000110010001010101101100011010110001100101000000010000000000101000010100010000000100
11000000111000010000100000000011010010000011001100010010101000010010111000010000100001000010001010100
00110000000100010000000100100010010011110100000000010001001010010111100000011010010010000010000111000
00001011000010010001001010110000011000110001101100001000000000000100001101001100000100100101000000001
10001111000100000101000000101101000000001000010100100100110000001101010100010010000000000000111101000
01001100001000000101100010000000100111000100011001000011000000000001000001000101001000100001000010100
01010000000000101001000100000001000000000000100000010100000000100000100000000100010100110000000110000
00000000010000110000000100100001010000100000101010001100110010100000000110000000000100011110000000010
00010000000000010000001001011001000000010000001000100100000010100010100100010010000010101001100000100
00100001101000010000000100100100101010000000000000011000000001000001100010100100100000000001100000010
00100111100000100010101001000101000000001011001001011000001010101010100000010000110110001110010000000
00000000011000000010010011011100000000000110001000011001000000000000110100000001000000010100000101101
01101001010110101110000101101011001000110011000100000111100000111001010010000001001000000001010000110
01000100100001001000100000000010010000110100011000000110000000101000100010001000100011010010110011101
00100100100110000011010001010000111010000110000000011000100010000001001001010000010010010010001100000
00001000000000000001100100000010000010001101000010011000000100010000100110001001101010100100000110100
00010101100101001110000000010001100000110101000010100100000010110001001101000010010100101010001000100
00101101000100010011101110001100000110110000100000000001000100100111000100011000000000000011110110000
10101000010101000000000000000000101000000010000000001000000100000010000000101111011000100000000000100
00001011001010101010111000000100000110000110001001000111000000100000100010010000100000000011001010000
00010011010100110010000100000100111011111100000010000000000000000101111010000010000000110000100000011
00100100000000100000010010010001000010001000001010000011010010001000111000110110100000110010000000000
01100100010000000010001100100000100100000001101100110011100001001000101001001011010110001000100000100
10010010000000000010010010100000000000010000100100100000000001101000000110101001001001110010000100000
11010100000110101100000110000100110000000000000011100000000000100001101000010000100011010000001101001
00000001000010110010011100010000000010010000000011000100010100001000010000110011000001010001000010011
00000011000100000010110000000000011010000001000000000010000000010001010000100001000001001000000101000
00000100010001001000111000000000000011011011100101100000101001000010000000000000000010001000010100000
00000000010010100001111000100001100010010010000000010101001010100000001100000100000111010011010010001
00001010000110001000100001100010100001000001001010000100000001010000000000001000010010101101111010011
00001100000110101100000000010000000000001111001010011000010100000010000001010011101000100010001000101
00010010100100000010000000010000101001000001001000101000010000001100010000000010110101111101010100110
01011010010000000000100110110010110010001000000001000110100000000110100010101011000100000001010011001
00100000001000000110000000000000010100010100001000100001010100000000000010001010000001100100000001010
00000101101001110011001100001000010000100001010000001001011110110000000001000010000101110000101100000
01010000110000110000000111100000000010001000000101010100000000010100100000001101111001100000001001000
00100100111100000010011000000000000100100010010001100000000110011000011100110010000110000000010011000
00010001001000000100000010101011000100000010010100110101001101000100101011010000100000010000100001000
10010100000010101001001000010100010000100001100010010100001101100010000001010101100000001000010010000
11001111100001000000010000001001011000001100000001001011101000100101001000110000010100100000110000001
10000010100100100001000100001000011010000010100000000010000001111010000100000010100100001010101000000
00110100100000000010001100100100100010010001000110011000001000010000010111100000000100011100000000010
00000001000100000000101010000000011001100010000010000010011000000000010001000001110001010011000010000
00001001100110010110000100000010011000110001000101000000010001011010010001010010001000101000011011011
01000000101000001000000000011110000001000010111100110101100000000000000111100011110011001000000000000
10100100101000010001001110000111000000000100010001110000011000100000100000100100000011010000000010000
00000010110000000110111011010011000000000111100000000011100000101000010010001000100001001000000000101
10001010100000100010100110001000101000011101010010100100000000010000001010000110000110000000010100000
1000001000010100100000100000110110000000000000001001000000010001011001000000010001100000011000000001G
