S1000010100000011100000011100010001110001000001001000011101000000001010111000010010000011001010000000
00010000010001000000011110101000000000101110000000110001010010101000001001100000001100000011000010000
00000000101000101000000000000000000000011010001001100000011100000001000111000100000010101000000001011
10000100010111000100110000000110101101101001101000000111000100110010010001110001011010000001000010010
00001001110000010100000000000110010110000010100000101001000110010100101100001001000000110100000001000
10000100001111000000011001100001001101000011010110001100010100011110100000010100110100101000000001000
00000110000100001010001001011000001000000000101000000100110100010000000010000101000000010110101000000
00000000001000100001000000100001110000011010001000100000010000101010110000010100010001010001010000111
00000000101001100100010100000110000010001000010000000010001000001001011001000001101100001010001101000
01010010101000100000100110000000001100101100010000110110011100100110001101011001000001001001000100010
10000001100000000000100000000010001000011001010011001100010000000011000000000000000011100000000000110
10010000001001010011110001100010010100100010100010110001000000000000000000010000100010000011101001010
01010011000001011110000110000000010100000110000110111100000000001010010011001001000000000101100100100
11101011010101100110100010000110110100110100000010010100001001000100101000111100101100000010100000010
00000000000010000100000000010000100010010010111000110001011000111111000000110010000101000100011000010
11000011000000000101001001011000000000001010110000000100011010000001100011000011100001001100001010000
01000100010001101000000000000010001001000010100101000000000000101000000000000000001100100000001000101
00100011000010001110011000001000000001010100000000100010100001000110100000001100000000001001101000000
00000000000010101001001000100000001011000000010011000010010100100000010000101010000000001000100110010
11010010000000100010001011110101001111011000010000100001100000000010000000000010011100101101001101011
00010001011011010001000000000000100000011100000011001000010101010000001110010000110010000110011001100
10001001000000011111010001000000100010001000000100110010000000000100000000001010000011100001010000110
00011010000000000000010100100001000000000101011001100000000000110000000101011100111100100010000000000
00000000000111111100000101001001000010001000001010010100010001000010010101010001110100010000001101101
00000010101000001000001100010010001010000000100101001000110001011100000000110010100100100011000110000
10000000000011000000010010000001011011100000110101100000001111010000000011000001010100100011010001100
00110001001101111100001000101001000011001010001000010010001110100100111001010100100101000101001000100
10001010101001100000000100000010000110010001000000001001010010100001001001001010100010000011010000000
00001011011011001110100100010010000010111000010101010000000001000001000010001110000100000000001000010
11000110001001001001001111000101010001100110100000100000010000110100010100001010001011000010110110110
01010100001000011101011001000010010100000100001100000010100001000010100001010100000010100101001000001
00000000000100000011101010000000011000011010000001000001000000101001000010000001010101000101000001101
10000000000010101000011000000001001000010000000010111100000100011011000010000000100000001010100010000
00001100000101000001000011001000110100000011100010001001101000110100000110000101010001100000100000100
00001000001100001001001000110000101111100000000110000010100100000111101011001001011101000011010000000
11000100000100000011110000000000111000001010110000000110001010101010000000010000111010010110010000010
00100001001001100010101111000110000000001010010000000000110000010001000000101011000001000010100110100
00010100101001000001010100010100100010000100110000000000101000001000001010000000010010011000000010010
01010010011110000101000001000000001100000000100100000010101010001001000000001000000001010010000010010
11011100010100000010001011100010001001001010100100100001110101000000010010000001100111000000000100100
00001010101100101001010110000001110101010100010010001000000001001100100101111100000011000000100010000
01000000001100000000011001010000101101101001100000101010010110110100000011000010000011011010000010100
00011100000010001011010100110011001000001101000000000011011010100010001101010000001000000101000100000
11010000100000000001100001001011010000001011001001000010010010110000000100001100011001010010000011011
00000101010000110001010010101000001101010101010110000011010110101010101001100000001110000000111010000
00000000000010100001000001101000011100100101110100011000100000100000110001100000011001000110000000010
10001001100000011000110100000000110010001101101011011000011101001000010000111000001000100011100110101
00000101000110000010100000000000001000001000001000010000001000010001000000011010010010000001000001101
00000010100011000100000000000010000001000100100011011000100010100000110101001100010000000010000000010
00000100000000100011000010101100000000000111011000011000000100001010001001011010101111000000100000000
00101100000011000110011100000000100110000000100001001000001010010111010100001010000000000001000010000
00010110100010111000000010110000111011110000101011000000110000000010000000100101010001010000100011010
01000010001000010000000010000010010100110001110011011000011100001000100001010000011000010100000010010
00000000000000000000100000000000000000001000000011000000000101000101000100100110000000001001010010001
00100100110110010100000001000010100001100100000000100010000010101000000001000101000011010011111110110
00100010100100010100000011101000011000001010111000000101011110000000010000001101000100000000000101100
00100100001000000000000100111000000000000000001010010010010000011000000100010100000010101000010010000
00000001010100000100000100001011001000000001000110100000011000001111000011010100000111000010000000111
11000101100101000101100010010001000001000101000111010001011000110010000001001001011000011000000000000
00011010101010100100100010000110000000000010000100110010010000101000011001010000100010011001000000000
00101100010000101100010001000000000110000000101000000101000111001011110010010000010010101011100100000
10000011001110001010000100001001010100001000000000011100110110001111001000100101001110100010010100100
01110010100001000001101001000000011001100000000011001001001100010110000000000100010100001011100100000
00001000110000011000001011000000000110000100001100010001100100001010000110001110000000100000000100001
00100000011100000100000000000000101000001000000101100000011000010010011000000000100100010011000100000
00000100011000100101010101001110000001100011110001000000000101011100010110000000000111000000010100101
01000110000000100110010010100000000000001100100001000010000000110001001000100100010101010100010001101
00011010101000110010100010101000011010010100100000100010010100001000100000001000001010000000100000000
10100011100001000000110101101000001000001010001000001000011100010010011010001000101100001000010100010
00011100100010000010101101000010001010100000010110010000010000001000000000011010100010000000000100000
11001001000100101001001000001001011011010000111000000000111000000011000001010000000000100011011100000
00001010011100101110000000000000101110000010000010000010010001001111000001000100101110000000000000000
01001100001000000000110000111100000000100001010001100001000011100000110000000001001100101000000100100
00000000000010000011101000011000011100110001000101011000000100100101000011000001101000000000001011101
11000011000000001101000000010011010101010000000001111110000000000101000000000000010111101000000110001
00100001001100100010011111000000100010010101000100010101000100000100101100010000010001000101110000000
10001001101000100011000011111001000100000001000000100100001100000100010101000001010000000000000100000
00100010000110010001001010010101100100000000000110100100110000011011011100000010001000001010010101100
01000110010101111001010000001110011001110001001011000100000100011011010001110011000011001001000010011
00000110000000000000000010000000000000001000001110100101100001010000110111001000100100100001000100101
10010100000101100001001000000001000101100000010000000010111101101010000101000000010000001100000001001
00101010101000011000001111010001001001110100011100100000100010010000010010110000001010000110111000000
00000100011001101000101010000000100000110000111000110100100001000000000010010000110001011011000000110
00000101010001000000000111100000011100111000101110000011100010000000000001001001001000000001001010100
00010101011100001010011010000010100011001011100100110110011111110100000000000010010000100100100011011
10001000010100100010000100000000010000000001000100000100110001011000010011010101101101010010010010000
01001100101000000000101000000000010000001010001011110010001000011010001011100000001000001010010010110
01010000000010111100001101100000000100100100010110000010000000000100101001000111101100101010011000010
00100000100010000000001101000000100001010000101000100100100000011010001011010011000010010000010001000
00011101110000000010000001000011011001001000000100001010001110100100010100101011010000001110101001001
00001001010000010000011101000000111000000000010000000000010010101000001000110100101101000110101001001
00001000001001010000011011100000000000000010000001100000100000000000001101000111101000110100010010000
00010000100100001100001000111000101000010010110001000101101011000100000000000000001001001110000000010
00001000110101101110010100011110000101010010001000000000001000101000011000000011111011100000000010110
00001000000000001001010011101101100011010000010010110000110000000000101011101000100101100100000000001
10010010010001010100011000010000001100111000000001000000110000000000110000001100011111010001011000100
01010100100010110000000110000100001101001000101001100011000100000000001011000100000010110110001000010
00100000010100011100000100010110000000000000010100010000110000000011000010110110001001000001011001001
10010011010010000000100001111001110000011000011000010000011000010010011001000011001010010100010100000
00101010010000100001000001000000001010001100010011000100100010001100000101100000000001100000001101100
0000000000010101000101100100000001000011000100000000100000000010000100010001011100001000000000000010G
