S0000010000000000000001100000000000000100100010000101011010000001011000000110001100000110001001011001
00001100110100110100000011001001010000010000010000100010010001100110000101111101010001001011100000100
01010010000000000001100000101000100010100010011001001000110101011101010101000000010100000000110110001
00111010110000001000001001100000000101000110001011001010110011000000000011011101101010110110010101000
01100010000001100000000001000010100110001100000000000000000000100100010100001011010100011100101101100
00000000111000100110001001011000001010100100000011011000000100000011001000000000011001100000000100011
00011100100100110100001100101100110110000110010001010001010000001011001100100100100001000100001000100
10010101000000000000010000000010000100001000010000010010010101000000000101000000000000010001100010000
00000110001010111001011000010110000100000101111110100100000000001100001100100010000000001010000100011
10001000010000010010000101100010000100000110000000000000000010111001000000000101000110000001000100100
00011100101001011000001000000000110011010101000100100100000101000100001000000010010101101001000000101
00101100001110010000000000111000000010001001000000100101010100110000001101001001000011000100000000010
00000110000110010001101001000000001001000001000000010010001001011011001001011000000010101010001001000
00001010110011100010000110000000001001001000010001001110001000011100000010100000010010110000010101010
00001100001001001111010000000100110100011010100111001001001000100101000011010011011011000110100000010
01000000100000000101110001001000010111000111001101110000100000100001001000000011001010111010001100110
10010000001010000110011001100010100001010101011010000000000111110100000010100000001101101110000100010
01010100000011000010001000001100000110010001100100001110111000100001010100000100000000101000010010101
01000000011010000000101000101001111000011000001011100000000100110010001100100000011101000010101000100
10000110000000010000110010011000001001100110000111000000011000001010000000001010001100010110000000100
00100011000000000001000101001111100001011000110001000000000001000001010110110000010100100000101001000
00000000100100000000010001110110001011010101000001000010000010010000000100101101000010000110010001110
01010010001010001101000000000111110000001000000110010100000000010001011001011101011000010100001000001
10001100001000000000000111100000001000010100010011100000101001010010010001010001100001010000010110001
10010110110011010001100001000100010110011000111100011101001010010000000000100011010100100011110011100
01001000000000010100000010001000100010001001110000100000000110000100000000100000100110001101001000000
00100000011010110000000101000000001000000100010100110001011000101011000001010100000010011010110010000
11100100011100000000001000100100000000000110100000000000001000010011000001110000010010010011011001000
00000010001100100000000000101001000001010000100000001010100000000010000100100110000101100000011100000
01000010100011001011010000000000001001100000000010101000101100111101110010011000000000001000010010000
01011010010011100000011100000000100000100000100100000000001000101100011010000001011111000100000001100
00000100000100110001110000001101000000000110000000001100000011000000100100000100011101000100000100110
10000000101000010000000011010000100110010110000111100100100001100000100111000110100011000111010001001
00000000000000010000110000001101000100010010101010110010100000000110000101001000001000001001001100100
11101011100001000000110000000000101010000000001100000100000001010011000100100000000001001100011010000
11000100010001001001100000111101111101101000000000100001011010001010100001000011101100101110000000000
01100110011100000000001000011011000000011000101100111000110001100000000000100100001010011000010000110
01001101100000100110011000000011000000000000010000000010000111110011010000101000000001000110111000000
00101010011000111000000101001100000001000010100000001101001010011000010010010000011000000001000100001
00000010000000100000011010000100001000010000011001000000101001011011110010000000000100000110000001110
00110100000010011001101101100101000100010010010101100010000101000000001010000010010000001110000010010
00001100100001101000110001111101101000010010100000000000100010001010000010010000000101100001000011011
00011001001010000000011100000110000010010000011000010100010100001001000101111001000000000001001101000
00100000000000000100100011001000001100010011011100000001101000000100110010001001010100100000010011000
10100011000001000000100001111110000000001000100000010001100111110000001001001000010000010001100000011
01000100001110000101001000001100100100110100010111001000100000001100010100110101000000001011011001101
00000000001000000010111000000000000001100000111000001010100100110000010011011011000000101000000010001
10000000000010110011000010010011000101000000000000000000001001101111001100011000100000010110000101101
10010010000100011000100001010000100001000001001010100100000000010101111000101100000001010001000000000
00000011000100011000100110010010001000100000000001100100000100101001101010010010001010000110101000100
00000110001000001000001010000100010000000000000010000010011000001010000000000010010010000110001000000
01000100000000000110000100110010010011101010010010010010100010100000010000000010001100001001111001011
00110001100000100100000010010001000100000000000101000000000000001000000100100000001010010010000010000
00010100011010100000010000000000010010000011000010100010000000001011001010000001000101010000000101010
11000000000010000101100001000000101000000000000110001110010010100100001100001101000011001101000100010
10000000000010000000000100011010010100011001000000001111011000110001110001010100100010100001011110001
00010110010010001001001001000001100001100101000111010001000011100000010000000000010010100000110011101
01101000100000000000000100000010001000001100100010010000100000000000000000000010101110000010001101011
01000010000110001101001000100001110011001010000011100000100001100000011001100001001000010001011000110
10000100000100010100000101000110000011000000000100000000000000011100000000010000100111010010100000000
00000000100101000100100010110001000010110001001101000000000100000100111000000001100010000000010100010
11011000000000001101100111010000010110000001110011000000010000000000100010100110101000001001100100100
10000000100001000010001000001000000000011000011100000100001010100000111100000000011001111111010011110
00000010000010000100000000000010100000001100110000010011001100001000000000010000011001010010000100100
00110000010010010101000100000101000010000000000001000000010001100001001000000010100101100010000100001
00100110000001101000000001100100000001000000000101000100101001000001000001010000000001010111000000011
00101001000010100111000000010000001011000000010010100000110001000100010111000000000101010000001001100
10001111110010110100000010100101010000010011000100011101000100000001011100000001110000100001010100010
10110000000001010000010000010100000110001010000000000001010000001101100010000100110000000001110010001
01000011001100011000001100001100000000001000011001001110000011010000000110000000011100110000000000100
00000000101000001110001111001001011001000100101100000010100000011000000000000010010010001000010000000
10100101000000100010000000000001100001000111010101010100101010001000000101001001010100010111010001001
01010000000110000001000100110100000000001010100100010010000100100011001000100000011110101001100001001
00011000000010011000001100000000101001000000001000101000000000000000000001000100001001010100100101010
10110001000100111011010100000000000010011001000100110001100111000000000101010010000000110000000010000
00011111101000010001001011000000110101001000110001001010011000100000000000101101000000100101010000010
00000011000010100111100101000000000000100010100001100000100100010101001001000100100000000000000000010
00110011000010110000000100001111000101000000001110100100010000010110001011001000010010010011001000000
00101101001001000001010000001010000100011011000110000010111100010000011001101100100010101001010001000
00000010010101000001111010000000000000101001001000100010001000010000000000100011001101000000100010001
00000110010110001010001000000100000001111011100011110000010111000100011010000100010000011010000100100
11100001000000000001010100100010000110000010011001100110010000000101011000100101111011000001011111111
00010000001000000010110001010010001000011000000001001100110110001001000010000000000000000100011010100
00101110010001001000001001011000000001000000010100110001100000110110000100100100010010110001110001001
10110011011000000000001010001000011010000000000110100101110100001000110101010010001100000100000000001
10001000110000110101010100001110100000000010101011100100000100101111000101100011100001111010000101000
01000100000001100010000100010010000001000100100001010010001101110010000110010001000010110000101001000
01110010000010100000000000000001110010001001110100000100000101000101000000100011000101000000010000000
10100100100101011000100000001101000001101100000100010100000110100011010100000000101000010110000000001
01001000000100011011011000000010011010100000001000001110001000001001101000100101101000100000000100000
00011110000000011001010110000010100101000000010100110010100000010110110101001001000001110000110001000
01100000010010000000001000101000011000010110010011010001101001010010010100000000100010000100001101010
10011001101001000000100000011000101000010010000100000101000011101000000000100001101001010010110000001
00100000100110010110100010011011111010010000000000101101000000100010000100000001000001000010100000000
00010110011010010001011010000000000000100001000000110010010100000001000111000000101000010100001010110
00110000100011000010010101011000100001101010001001000011001001000000010101000000000101010101101000000
11011101100100100010000000100110000110000000010000111010100000000001111000010111010010101011110001000
00010000001010110001000011000010110101001000000011001101011000001001001000100001001000000000000001000
00000001010010010001100110000010100010000000101000010100010000000100000001000000100000100101000000001
00001000000000100110110001000110000110000001000000010011000000111001000010100010100100010111100010010
1100101000001100100110000100010001100000010000100000100000000110000000101010110011100101001100010010G
