S0000101010100000010000001011110001010000101011100110101000010010000000000010000001000000100111001100
11100001100000100010000001000000101100010010000000000000000000011000000000111001111000100100000000100
00100010000010010010000010010010010000110100110000000000100011001000100001010010001101100101010110000
00000101000001010010101010011001000011101000001001010000001001000011100001000100010010001010101001000
10000110110000001001010110100010101001000010000000110000000011101001110011100001001110100000000000011
00000101100011011010000110001110011001010100000000000000011000110000000000010010000101000100010100110
10000000111000000000110011000100100100010001000111110110111010010001000000101000010000000000001000000
01001000010000001110001000000001100001001110110010001100000101100000000000010001100100000000010000010
11000000100011011011110000100000101111000001111001000110000100000011110100100000001000101001001000100
10000000000110000100001101000010110010101000000000011001010100000010010011001001000000000100001010010
10101010000011011001010100101010100000000011001100000000111110110000001010100111001100100000000000010
01010101000000011001011001001000000110110101000111110001101010010100000001000001001011110101100000001
00000000100000011001001100011000000000001100000001010001110010011001100011100011000001001010010000110
00011010001000000010001100010000100000100100101100011010000000011000001000000000000110100011001001000
01001000100001110000101000010000000001001010000101000000011000000011001000000010000000011001000000100
00010000011000010000001001001100111000000010011000100010101000000100000000101000010010100001010000110
00010010010010010010110100001000100111001011100000001100000000000000000001100001000011100000000000101
11000101100100010000100000101000000010000101000001011001110000101100110100000100111110010001001000000
00111000011000110101100000000010100100110100000000000000101000100000110000000000000100011000001101001
01001001110010000110000110000100001101000000110000000000000000000010100000100011001010100010000001101
00000000000100000001001000000000010100110000000010000000010001010101101001000100110001101011010101000
10010001000100110011010000010101011000000011000101100101010000000010000110000001100000101101101101001
01010000011000100101100000011010000100000100100000000100100011100110010100110111111100010100110000100
01101000001101010000000011000000111111011000100000000010000000101110100000001110000010001100011101101
10000100001001010011100010010001000011100010100110001001000000001000110000001001000110000000010000000
10001010010100000000011001000000010000001000000010000001000011100000000000001110011001000010100010000
00010010100000000100000000110101110000101100001010101000100001011011001000001000001010001010000110111
10110000110010101110010000010100000110011000100001100000001010101100000000001001010100000100000000000
00100001101000111000100000100100000010000000000100001011010000001100111100100010000000100000001000000
10101001101001010100001000111011101000000100000001100000000000101100010000010110000111000000010010000
00101000001000100101010101001010000010111101010010101001110001000000000100001010000000100000001010000
00000001100000101001000011001101001000000010001001001110000000000100010100100010001000000000100101110
11001000000000100000000000101000000100000001001110000000000001110110000010001010000001101000000000100
00001100100001010100000000101000001101010000000011101010010000101000000000101010011111001000000001001
01010000000000010001101000110011011000001100110001001101010000000011100101000110001100000000111100000
00000000010110100101100000000001000000100010001001001000100000000000000001000110101000001100000000000
10000101000000001100000000110110001001010000100000000101000010000010001110100000000000100000010001101
10010001010001100001010110000001000000100000001000110101001000011110001011001010000100101110100001000
01000001000100010011110000000011000001000110000011000111000000010001001000000100000100000000000000000
01101000100111011000000010010010111000110001000010110110000000000100100000000010111010100001110000011
10011000000000001000010010100101000100010110110000000010000101000011001000000101010000100010010010100
00001101000101101100000001000000010110001001100100100010001101010001010011100000110001010001001010000
10000100101010100101100001001010010110011110000010101110001010101010000011000101001001010000000010110
00000000111001000100011100000010010000001010000111010100110001000010010110100000000011010111011011001
11010100001100100000000000100000000000000010000011101001000000011010100010101100110010100000010011011
01101001000000011010110100000000110100110110010010100000000110000100010011010000010001011000011000000
00010001000111011101100111100010001101000000100010000011010100110000000101000110000110111110010010001
10100101001001001110011011001010001001100000110001010001010110100000100001000001010000010000000000000
01000100000000100001010000000100010000000100100000011001000011001110001000000100000010001000010000010
00000101000001000001010110000010000000000000010000110101001101000000011001100001001001110000000001000
00000110000000000001000100001110011010000110010011110001101010001100100100101000110010001000100110000
10101110000000000101101000110001011000100010000100010000010010010110010000101010100100011000001000010
10110001100100100000000010001000100001100010000100101010000000010000010110110100001001100000000111010
00100100110000111100000101011001000101001010000011000000000001011000001000101100001110010000000000101
00110010010100000010000111000000100000000101011010001111010010101010010011000000100010010000001000010
10100000010001000001010001101011010011001001010010010101010001000000000110011100110000101100000101001
11010101010000000010101100100010011011010100100010000011010100000001010010000101000000000110100011000
00000100000101001110010001001000000001010010000000010000101000010111000000100000101010000001100001000
00100000000000011001100000010000100001000011100101001010110010110000110010000001000010001110000000001
10000000000101010101001100100101010000000000100000000111000100000000001000000001000000000000000010000
10000000000000100000010100000010110000000000010101100000000100000010011001110000101001100011110010000
10100000010101000101000000000101110000100000001001110100000001011001000010000100001010100111000010100
00100010000000001001010100100001000111010000001100010010001000100100000001001001010000000010010000110
10010110010000010000100000011010100000000100110010110010010100010010000000000111000000010000011000001
00100010000000000000100100000000010110000000100001101000010000110110000010010100000001110111001001010
11000000010000000001000000010000000001011001001000000010001000000011001000000000000110010010010100000
10010000001000011011100000011000011001010100001000011110100010010000000011110100100010101001110011101
00000001001000010000011000001000001001110111000110011000010000011010011100111000011000010010001000111
00000001000000000000101001011000001111000010000001001010010010000001001001000000000111000010100100010
00101100101010001101000000001011100011001100100001000000000000001001000100000000010110010000000011000
00000101000010110000000000010000010001000101011000000100110000010100101000001000010000100001001010011
10000000010011010001010000010000110011000000001000000000000010000001010000011111001000000000000000000
00001000100000110111000010100010000001100000001110101000000100000010101010101100000010100000011000100
01001010000011001011000011111100001010010000010001010000100001100101011000000001000001110000011000010
10000000000100101100000000000100100010010100100100111110000000000000000111001110000000010011001001100
00001100000011010000010001011010000010000110000011001111100010001000010000000000011100000001100100100
00000010010000000011100000000000000101011010001010000001000110010110101010000000010101001010011001110
10011010001010100001000100010000111110000001010001000001100000000010001100010000110101100101001011010
11000010000010011100100001000001011001011100011110010110000001111110110000010101000101011000101010011
01000101000101000000010100011001100000001100010110110010100000011000011000000111100100010011010000110
10011000011000000010000100010001101000110000000011000001010000100000000001000110001000000010101000000
01000010000101100000100000000000000001000000011001111000010001000100110001000000010000101101001111111
00001000001001010000001010001000011000010001000110100000010001000001100000000001010100100110100010010
01010000010100000010101101000100000100000010001000010000000000010110001000000000100100100100000000010
10000000001111100000000100001000101101000000001000111000000010010000000100001001000100000101000001010
00000010000011001001100010100000000011000000001101000100010000000000000000000100100100110101010111100
00001110010000001100010001111000101010010100100000001010100010000000000110010010000101000010101110000
10000000100000000101000000000100110100000000100000010000101000101101010101010000000111010001000001000
01000000001110010000110000100100000000010000000100100000011000000101000001010000100001000001011011001
00001000011011000000010111011000110010010010110010001000100101000000010101100001101100000001000000110
00100110101000010000011000100000010000000011000010000000100000000000011000000100000000000001010001100
10100001000100000100000111001111000001110000000110101100000011101001010000100000111001010110000100001
00001001000100000001000000100000000001000001101001000100000010001010010000101000000000100010110001000
01110110100011110000100100100111110000101000000001010011100000000010000110000001000100100001001000011
00100000010010111010000000000000001000001011010010001001011101110001010011000011010000000100010001000
00100010000001001110001001001001100000101101011010101000100100110100001001100000000111001111000011010
00011000000010100110001000000001100101000000010000000000100100011000010000000001001001000000010101001
00000001100100000001001101010000110000010100000110000000011000000010000011010011000000000001010000000
00100100000110001001001000100000010000100000111101000000010000000001100000000000100100000100001110010
01010001000010010000000100000001000001001000101000111001010100011100011000000101000011011000010100000
0100101000001011000000000011001101101011010000010000000000101001101000000001100110010101100100000000G
