S0000100001001000000010000010001000000010001010100001000000100001001000010010010000000010000000000101
01010011000001101000101000010100000100001110100000000011000000111000000000001010001100001000100000000
11100000000101000000000111001010000111000000000000111001000010000001101100110110010000100010000010100
00000010110000010001000000100100000000001011010010101100101101000001101100001001010000000100001000010
10010110000101010010001010100111000000000100101010000100000000010100010100010000101010001000001000110
10100010100101010000011001001000010101000001010010000010100001001110001100000100100101000100000000000
00100000100010110010000000110000000000101110100010101000011000001000000100000000100000000000000100000
00011101100000101010001011111001011100000001001010000001101101110001000010001101010101001111000000111
01000001001011001000001110000001100100110110000000100000100100000110110011111010011010010000110100100
00010010000000000000000101010000001000000010000000001000001111000010100000001001000101100011010100000
01101100100000000000001110010000010000000010000011000010111000100100100010000011000001000000101001000
00110000001000000000001001110000111000110000010010010001000010010000000100000100010010000001011000000
00010001000000110110101000000000100110010000100000001100000100011010101000000010001001100000000100000
10101110000100010110010000000001100010000010100000000011000000000000000010000100000001100000001110100
10000010011100001000001000011000100001010101000010010000001000000010000110110000000010010100000000000
00101001010100010100001000000001000000100100010010010000010100001001000010100010000100100001010001011
00001000001000000000011100001000001110100000010010110101001100100110000110100000100000000000000100000
10000011001000001101010100010001100101100001100000000000001110100011001001101110100111111011000010000
00100110011010000000110011100101011000010000110100010110000001000010000100010010110001011100000100011
10000101001000001000000000010100000000100100110000010010110000011010100000000110010100010010001110000
00100001001000100011100110010001000110110110100011000000010010010111000011010100010010000001010001000
01001001111100010011001000011000011100100001001100110100110000001100010100000000001010010101000100011
01111101000100000001001001010001010000010100101011100011100010011000010100000000000111000010000010110
01110011110100001100001010000001100110111001000110011100000001000000101000010001101000110000100000001
00000010000000000011100101000011000001000000000011000000100011000100001000001000000011000000000010100
11000001101010000010001010100001000110001001100110011000101001001011000000001010000011110101010010110
00010100010000100010000010100010000001010000000110001111010101011000010011010100010100010010000010000
00000000010001100101000000101011001000011001100110101110010000011010100110001000001000010100001101000
11000001101000111101000000100011000000001000000110111000111001101001001001000100100110011010000110000
00100101000011100000010000000110101000100011010000010000100011101000000100010100101010001100000000000
00000010110000000000010000010000000011010001000010110001000011001000100000000000010011101001000000000
01100000100010000110010000010000000001010010101000001101101000010000000000001000100001100000100001000
00100100000000001000100010000000001100001111100000001000000000100011000101011110101100111000000000100
01000000000011000010000100111100100000001101011011011001100100110010000100100001011000000010001001001
00000001100010100000001010100101000001010011000011000000000100000000111011000100010001100100100001100
00001010100000111000011010000100000010000100001100001000000100010110001110011101010100000000100001000
00000100001010000100100011000000010000000000100011010000010000001000111010000010000001000000000010000
11101100100000111010110101001100100101000000000000010001011100000000010000010000010000100001000011000
10011000010000100101100100100110000000001000010010101010000000001000011010001110000100000011011000010
10000111101010000001000000000100000001110000000000000001000000010100000110001110000100100110001001000
00001000100010000001001000000100100000000010000000000011000000011010001100100001000110100101100000000
10011000110000011000000001010000000000000000001001000100000000001001100000100000000101000001000001000
10000010000000001000011010101010001000111000100000100010000000111110010001011010000010000000011000011
00000010001100001100010001000001000101100000001011100000101010000000000001010000000011001100000011101
00001000001001110000000111000001000010010000010011101100011010110000101100111001010000000000010100111
00110100100011110110011010100000001110011110100001000011010111100110000000010000000111000001000010000
10101000001010010000001001010011010010000000000100000001001100001000110010000000000000000010100001100
00000001100000010101100011000000101001000011100000000101010110111010011100010010100010000110100000001
00001001000000000011001001000011001000100000010111110010100000100011100001000000000011000001010010110
11001100100110001100001100100000001110010010010010100011010010000111000110100001010100000100010010011
00000001000100100100000100100010000000001000101000000001000010011100010001010101001000000000001101100
01100001001000110011011001100001010100100011000010001000001110000000000101000001010100000000111010000
10100000100010010100110010110111101000100000010101001100011000101000100100011000010000000000100001000
00010001000101000000010000010000000000110100101001000010000000100000111000000010100101010010000101100
00101110000100000010011010000000000000110101100001001000000000001000000010010000000000000000000000010
01001010001000000010000101100101111001011000100100011100000000000111101000010001100001000101000100100
01110101010001000010000000000100001000010010000010000000001011001100100001000000001001000000100011100
00110100100101000011011010000000011010000000110000100101100101010000100110110000001011010100000000110
11010000000010000001010011000000100000000000000011000010100001000010001011001000010000101001000110001
00000100000010000100011001110000001101110100010110000100001000111000100000100001100000001011010101100
00100101010000101000001101000011101010000100001000011011010000001000000010000001010100000100001001010
11001001100110100000000111000110000001001000000000000000010000001010011000110101100001100110000100000
00000010010110010000000010001001000000111000000010010100011000000001010000010110001110100001010110011
10111000001100100000000000100110000101000010010001011010001010001100101010000001010111000000000100000
11011001010000001100011100001010100000000010000001000010001110100010011111001100101000101100001000000
00011101000010010000101011001010000000011100000001010010100000000100010011010101001010001000000110010
00000100000000010001000110000010110101001100000110011011001000110000000001100000100100000100000000000
10100000000000010110001011011010110000000000001000100100000000100010000100001111101100001101000100010
00010001100000011101001010011000101001010001100011000101000100100111000000100001010100011100000000110
10000001000010000000101001001110110001000000001001000110000001000001001010011010010000100000000001000
10110000000001000010010010000000010000010011100000001010101001000010101100000000000000000000001010010
01001001000010001000001001100000000100010100000110010000000010000100100110000101000000000010111101101
00101001010001000101000001010011001001110101100101101100001000011000100110110001011100101010000000100
00100010001001001000001010100100100010111001010101000100000111000010010001001011000000100000011000100
00100000000100100001000010110000110000000101001000011001100000010100001100000000101011100000100100010
01000001001101000101000101001100001100000000010101011001101001101010000001100010010000010100000000001
01110010101101001010010000001000110000000001010101100000101001001010010001101001101000100000000001010
10010001000011000010000010111100001100100010111000000001000001000011010100001011000101101000100101010
11000001010001000100010000100000000001010101000100100010000100010000100001100001000000101000000010010
00001001000010111000100011100010010011101000001100010000010100100000110000000011000100000000000000011
00110010001100000110001011101010000000100000100100001000000010101100001000100100010010010000001000000
01100001101100000000101110100000000000110100010010001001101110111000000000100000001000000000100001100
10100000001000010000010000100111110001000001010000000000000001010100100110010100100101000000010100001
00001110001000001001001101100000000110000100010110010001001000110000100011000001010000110010010010010
01000100100010011000010001010010000010000000010100000000110100011010100100100100001100001000000100000
00000000010010000011010001000101001000001010101010001101101010110000000011110000001010100101010000100
10000000000100100110010110110001101001000010000110000000000000101000111001010001100110100000000000100
00010010101010100010010000100100000001000111000001100100110000000001100000101001000101011000000110000
10110000010001000000100000000010010011001000000100000000000000001000011100001000011111000001100100000
10101000110010000110000100101100101000000011101010000110001000011011111000011010010000011001001100000
10101100011000000000010000010000000010000100001001010010110001110100100001000000000000100110000100011
01000011000000001000100001010000011100000100110100110000110000000000000100000000000011000000010100101
10101000100011110010000000100010111100000010010011010010001100011100000110010000011000001000000100010
00010000010101000000011000000100110000000000101100101000000000000000001011010001001000010000000010000
00100000010010011001110011001000001001001110000000001100001001101111000010011100100000010010010001010
00000111000001100011100101000001011001001000100000111000101001000000000111000100100010010010011100011
10010010001001000000011010001000100011100100110101110100001000010110010010110100011000000000000000011
01001000101001010000010100101000100110010000000010100001010000010010100000010000000100110001100001000
10000010001000011100010001000000010000010000001000001000001110010010000000000101000100100001110001010
10100100101001001010110000000000000010000010000000000010000000010000000011011100000001100011000000000
0001000000000001000010010010101001010000110001100000011011000001000011011000101000010100110010000010G
