S0100010000000001000000100010100110000000001000001010110000001010101000010100000000100010010001000000
00010100000000001001000001101010000010001100011010000010000001010100000110010111110100100010000100111
10001100010010010000100000011101100000001000110010000001100000010000000110000101001100000000101101000
00000001000110100000010110001001000000001001100011000010010101010001000101100000011001101010010011010
10000000011000001101000000100000000000101000101000000000000001101000001110001010001100000100000000010
01000000000111001001000000000010100101100000101000000001100001100001000001001011001000000111110100101
10000110000000100010000110000110000000000000111011000001011001000001110000100010001101000000100001010
00000011100001001000001000000101000000010110000011000100101011000100101010110101000100110100000111100
00000011000000101011110000100000010101110110001100000000010100011000000000000001000000101001110110110
00001001011000110010100000100001000001000001101100000000101001010100100001000011001000001000001010000
01000001000010000110000100100011101011000000010001000001001001001001101001100000100100100000010100001
00100000000000001000000000001100010000000010000000010110010100100111010001010000000000000011001001010
00000010101000010010000111001001010101100100101100000100000000001001000100100000101001100010011000000
01000001000011100010100011010000101100100011110000001100000100010000100000010000110000100100010000000
10000101001000010000101010000000101100001100010111001000011101110100001000110100110010111010110001101
01110001111001101010000110000100000100010000000001010000010100000010110010100001100110100101001100001
11011010000010101100100000100000010000000000000100000000110101100010010010000111101000101000111100110
00000000010001010101000100101000010001000000000000100000000001010000001000110000001001001100100001100
01000000011110100010100000000000000000001000001001001001000010100101101110000011000010000111011000100
11000011000010100011011001000110010110000010110001000110011100110001001000100000001001000000100100010
00110100000010000101001000100111000010100000101000000010011110010000101001001000000001000001000110011
00010010000100100101000000000001001010101000110001001001000110001101100010101111001100100010111001010
01110101000001010000110011000000101100111000011000000100000011010000100000001000000101010100101000110
10000010100010111000101000110001100000100100001000000001100101010100010000001000100010100000000001000
00010000000101000000101110001000011101110000100101010000010000000100000000011001000001000001000110001
00000000010000000000000000000010000100000000000101110110100000000000010101010100001001100000011001010
01101100000010100000000000000100000101001100100000001001010010000000100111110001000100101000101010011
00100100010010000100010000000101010011110000110000001000100100010001110110100100000000010000000101001
01101000101001000010000101011100000000011100111010111001001100100000001000011000001010010000110000000
10010101101000001110011000101000001000010000001100000010000010010100010000100100010100000111000000000
01000010010001000001000010011100000010000000011001001010000000000101000101000000010001110100010001000
10000000000010001000101100100100010000010001011010000010100110011000100100100100011001100100001010000
10000000000100010000001011000000010100000110100000110010001000010101010010000010010111011000001000001
10100000000000010101100010000000000000001001100001000000000001010011001011000000011001100000000011110
10101000000110010100001000000010000000100010100010001011011001100110011100111001000000000000001011000
10000000110000010010101010000010010100100101101001000011000010100001100001000011100100000010000000001
10000101011000100000010010000010000000100000000110000010001000000000000000011000110000011001100000101
00000000000000001000000000001100010000001000010000000000010000010010100010001011000000010000001100100
01101000010011000000000100010100001100001000100010000000000000000010100101000100010010001010010000010
00000000000001111110000001000001000001000001001001100001100011010000101000010010010100100111000000000
10000110000010000110100011010000100001010011000000001111000100000000000001000101000101000100011110100
00011000110100000100001011011000100000000100100000100110101001100001111000010000001000100010000010000
10100010101000010110000010110000101100000111000000000000001000010000010010011010100001100000001000100
01000101000000001100000000000110110000001000100010000001000010011100000000100111001000011000000100000
01000011100000010100101010000100011001001011000010100111110010100001000000011100001100000111100000100
10001000000100000000001000011000000001000111000010000000011110000001000101000010110100010000001101010
01001000000000011000111000000001000100010000100000000000101010001110000011000000100000000101010111010
10011000010100001000000000001010100010010000100010011101111000010100100100000010101010100000011000001
10100001100001000100100001001000101000011000001100000000100100101000101000100011011011000000000000000
00001000011011000010000100100000000000101000010100000100000000000010011000001000001100000000110100000
00100000010000010000000000000000110000001111001001000100100000010100011000011011110000100001011001111
10010010100100101000001010010000000001001100000000010100000010000111001100100111100100000100001010000
00010101100100100000100000000110001000010000000000011000001001001010110000101000000000000000110100000
00010001001000010010101000001011000001000000000000110000101001010001100110000001000010000001000010000
01110101001010000100000000001000000000010100100000010000000001011010001010000000001001000000000101010
00010000101000000100000001000100101100100000011010000000000010100101001100101000000000000000011010101
10000101010010001001000010000101011000011100000110110000001001000010000000000101001101000100010000001
10001100110011000001101101110000001110010100001001010001010000000100110000101001000101000001000010101
01100000000000101100101101000001000101000001010000110100000010000001001000100100101011001000001001000
00000100101000000101000000101011001000001011010001000000001000100100000000111000000100000000000000000
01010101010000010010101001010100101101000010000100010000000001000010010000010010010100001110100000101
11011011001010010101000001111000000010010110000010101000100010010000101000001101001101000100010010001
01000000011100000000011001000001010000011001111001010001100010001100101001110100000010001000000101100
00000100010000001000000101110100000000000010100000000101011100000000000000010100000000010000110001000
11111000001001011100000010000000111010011000000111011000101000010100001110001011000000001011001010000
01100001000000100000101001010110100001100001010100001011000001000000110000010001000100001110100001000
10000000010000001000000000001010000000110001110000000000101100110100011110001000001000010110000001010
00000001011100000001110000010001000001001101000000111010000110110000010010010001010100110111100000100
10000001011000000100010000000000001000100000000001110011001010000100011100011010100100001010000011100
10000001000110011011000011011000100001000000000000001000100100000100011001101100011100000010000100100
00001011000000011000000110010100001000100000010000011000010000000110000000000000000011000110110001010
00100101010000000000110010101011100001001100001101000000100000101010000101000110110010001010100010000
00000101010000011000100001101000110111000011001000010110111010010000100000100110001101000000000111110
00010010000000001100000000000010100111000001110000110000000000000010101000000100111000100001011001000
10010100001010000001010101000000001100010001101101000010000000000100110000100000001110100000000000100
00101101000000101100000100011001000110010000101010011000001001000010011000000110010000000000101000100
00011011010000001100000000001101100000000100100010100100110100000000001110000000011010010000001101000
01000000000010001000100000110000000011000101000000001000010111111101100110000010000000100010001000110
00100010010010001001010001010010000011000010010010100000000100011001000000010010100100000000100110110
00001000010000000001001011000000010000001101110001101101010010010010001011000100001000001000010000110
00000000001000010000000100110000100101010010000001000101000000100000001101010000011000111000010001000
01100010101000000000000000100100010000001001101000100111000101001110110000000000111010000010100000010
01011011010000001001000000111000110000000011101010000011010000001001111011000100011000001010100000100
00110011000000101000010010100000100110001000110001110000001010011011100001010000110110000101010000001
01010010000010111010000000000110000001001100001101010110101000000100001100110100000111010100110101001
00000011000000010101000000111011001001010010110000110011001100000000001000000100000111000100010101100
01100000011000000000011100001011000110000011001000011000000000000011000000100000011000101000000111000
10011011011110000110001011000000000010000001100100000000000011000010011010011000000100001101000011000
11100010000010000000000001001110100010010010110100100010000000001100101000000000001100010010100000110
00101110101011010000000000000101000000101000110001000111001000010101101000100100001100000000001000010
10000011100001010000010001000010000001001111101100000000011110101101100000010000010000000000001000000
00000000001100001100000000101000010101001000000001110000100001010010011000001010100110000000100100100
10000000101010100000110000000100001001101000000001001101010010001010001100110100111100000001010000011
00010000000111000000100000101110010110000000111010001010101010100100000100010011001000000110111101000
11001111000100100000001001001000010110101000110000000101000111000001010001100100001001111100000100000
00001011000111000110010010010111001010000000100110000000100001101010000010001000011011000000100010100
00010100000001000010100000000010000011000100001111100001000001000010000000100111100001100011110010001
00010001110000001010011000010011000001010000100011001011001111011000100000000000010000000000010001010
01011010011000000000011000000000000110110110110100000000000011000000010000011010010010010000011000001
10001100000011111001000000100000100000111101000100000000111001010100010001100100010000100100010000001
0011100000000010100000010000110100001000100000100010100010000010110100010000000000000000000011101000G
