S0000001001000000101100110000010001010010010000011000100101000010010101010001010010001000000010001000
00100000110010000000000000110000000000010000001010001110100000000101000101000100001100100000001000100
00000010101110100010000000000010010000000000100011101001100111010110011100010000010000010100000001100
00100111011010011000000100001000000000010000011011000000011000110010010000000010010001000000000100010
11110000000010000110101001000110000101010010101101010101000000001000001110010100001000000001110000001
10001010011111000100000000011011000010010011010000001001110001101101111100011100000001000001001100000
10101100000100000001100010100110000010101101000000110000011001100010100010100100000001000100000100000
00101010100000010001011010100000000100100001110000100000000010101100000001000100000000111101000111000
10000001001011100000011010000000000111001110110001110001000101000000010000100100100010000000001000011
00110101001000111000010011000100000111000100101000001001110010011000000000010110010000011100100110110
01001000001100100010000100101000001001111000010100110100000000000100000001001000101001100010000010000
11010000011000110001000000001010010010001000100101000000110000010000000101000001000100001001010000000
00010100001100000000100011000010100001110110000011010100110000001000001100000001000100000100100100001
11000000010010000000101000011110101010000100000010011100100000100111000001010000111000100000000100100
10001000011000100000110000100010111010100100000000010000001010000100010001111101001000001000010000000
10110000000000001101001000000100000100001100100110010010000101000000000100001011111010011001010111011
01100011001110000010000010000101101001011000010110000100010000010101100100011010011000100000000110000
01001001010110010000000000000000100101010001111101001000110101001111010001100000010000001100100110010
00000011000010000011000000100110100000000001100100110000000001100000000001101001111110001100011010010
00110001100000110010000100000000000100110001000000000010110000100100000010001000000110000000110001001
01000001001000101010100000001100111001000001001000100000101100100101010000010111001001000001000000010
00010010000010000000010000000000000001001100001000000000001001011011000011110010010001010010000000000
00010001110001010011000001010001101010011110100011111000000000001010001001001000000000001100011010000
00001001000000000000000100000010000010000000000000001000011011010100000000010000010010100010000110000
10010000110000100000001111000001100011100001110010100001000000011010100001000000101001100101000100100
00000000100011000011000000000110001000010001010011100110000010000010011101001110100111000001100011001
10001000100110001010000101001000000011011100000000101111000100100100000100000001010100011011100000000
01011100100000110110000010110100100010101100000001010100110001000001000011100000000000000110000001000
10100010100000010000000111000000000001101001100000011001000000000000000111000000000000010101010100000
00010100100000001100000000010110000010010110001000000011000100001000100000100100000110110110000000001
10010010000001101000100010000111010001010110000000010001000000011010000010000000111000000001101001000
00011101001000000001001000001100011010000111100001001000100111101100100000011100110010100000100000100
01010011000000000000110100100000000101101101101001000100100110000001000000110000001110000000001000000
10001001100010110101101010001000001000100001001100011000011010000001100101001101001010100010100000001
00000000101000001010010100000000110111001000010110000000110000100011110100000000111011100100101000000
00111000100101001010001100001011011000000000001101000000000010100000001100001001000010010010000001000
00001011000010000010001000000000101011000000000000010000000101100010010101001000000101101000011001000
00000010111100010010010110100000000100111110000100001110001000001010100000010100000000010000011000010
11000000000000001101100000000000100000010100000110000001010011000100101001101001001000010000000100000
00100111000010000001000010000001000100000100100010010010100010000000010000000000001110010100000000111
00000011000100000110001010000010100100100000101000100101011010000000000000101011010000101001001010000
11110000001100001001100000010100001001000000101010001010110100100100111101000000010000001100010101100
00000101100010001110100101011001100010011001000000101010100011000000001010101000000101100000010101011
10100101110001011001000010010011010000000001110001000110000110010000001001000011010001011110000000100
00100101010001100000000010101101100011101011010001100111000000001000101110011001010000110000000000000
00010000100000101000001101000100100010100000000001110101011101010011001000000000000000000010001011010
10000000010000010010110010000011000000011110010100010001000000010000010000001010000100000001101000101
01011110101000100010011001100000001001010000101100010110000000010011100100100001000010000000001000100
00001000001000100000100011110011101100001000001000010001100000011001000101000001100001100010101001001
00000010000100000010000000010001000101001000100100000110000010011010000001100100100010011000101001110
00000010000000000010101010010111001001010000000111011001011100000000010100000001000101101000000001000
11100001100010000001010101000100101101000101000000100110001001110100100000000011100001000000100000101
00000001010001010000001110000001010000000101000100110000000000010101100001101000010100001100100000001
11010011101001100000000000001011010100001000010110001101011001100010000001001000001101000000101100000
01001101100000001100100000100100100100000000100000000001000001000100011011100000000110010100110000001
01001000110010001000000010001000010000001000000000000010000001001111001001110010101010100100100001001
00110100110010000001110100000010001100101011010100000011000101001110100000000000000000001000000100011
01000000000011000100111000010000000101100000000010000110001010001001100100101011101000010001000000000
01010000000100001000010110010000000010001001101110011001100101000000011011100000100101110100011000000
10010011000001110000000001000100010001110100001000001101010011001010101110000001011011011011111111010
00000000011001001011000010000000001100001010000100000010100100100110100000000000001000000100101010001
10000000010000100100001000000111100100000000000110000010010010010110001000100100000100001000100001011
10001010000100010101100000110001000001100100001000100101100010100100110000000000001000100111100000010
00000010101001001010100001000001000000100000101100111001011100000100110001100010100100011000101100100
00000101000010011010100010000001001100000100010010100001100010000000000000100000100000010101000000000
10010000000010101000001000010100010000000101101000110001010010011000110001000000101000100000110010001
00000000001001100111000010100000100101011010100000000100001011000001000100111000100111010000000010100
00101000100101001110010000101100100111000010010001000001100010110001001101000101000001101110000110010
11110000101000011010001011000100010001010000001101000001011011001000110010010001000100010100010010100
00011011100111000010010110001110000111010000100100001000000111010000101100000010000010010011001001001
10110010110110110000000010000100100100100010010010000110000000000010110010000001000100000000011011100
00010101100000110100010000010010000100000010011010010100001101000000001011110010000001001000000000101
01000100010000100010000001000010100010000011000100010100100010000101100110100010101010100001000101100
00100101000000100000101101000100001100000011010000010000000111000000010000101000000010001100000000110
00000001010100000010011101011100000100011000000001010110000000000001100101100000001010000100100000000
00101001111101001001010110001010100110000110000001000101100000000110010011100111101000111000000000000
10001100001110000100100101011011001000100000100110010101010001110000000000001011000110101010011001000
01000000100001001100100000000110010111000000101100000000000010100010100010001010101001000101001001100
00001100100100000100010010001000000110000010000100011000001010000010000100001000111000001000100110000
00000001000001101000011000000010000011001000000100001000110000000001111010000000010000001100101101000
10000000000010001000010010000001101100001100000010010000110011110000010011011000010000000100000101001
00000000000100000010000001000100000000100010000001101000110000010100001000000010010000000111000000000
00000011000100000010100010011100100010110000000000000000110000001010101000000001000100101000000001110
00100110100000000000000011100000000000100001001001010000010000000001010010000000000101010011000010010
10101010000000001011101100001101100000101110000010100000100001001100101100001010010010001100110001100
00111100001000010000110100000001010000000100110001010000010001001101001100000000101001110000100000100
01100000100110010100001001010000010011101100101101011001011011001100010001000010000001010001100110001
00010011110000010110001000000010000000000111001000000000101100000011100100000001100010000000011000000
00111001000110100100000000111100010000001000001001000100100001100000011010010001100001010100011101001
10000101010100111001100110100000001000000000010000010101001000001000010110001001000000110001100010010
00010010111011000000011000000100111001000100000000111001001000000001000011100000000110000001110000010
10000001001000010001000100010000001000001000000001100000000000110000100100100100111000001000000000000
00001001100100100100100110000000010000010100000000010010101000110101100000010101000000100000010001000
00000001100100000010001100100101010100000100001000100000010010000110011101001100010001011000001100000
11000000000101000000001000000110001110100100010010100001000100010010110010001100000000010101100000000
00001000000000001010011000100010000010010111100100100011111000000000100110111000100101000001010000000
00011001000110100001000111000011000000001000000000001000101101100000010010001000100010001001001001011
11010000100000010010000011010101101100100000100010000101000000010000001101010000011001000000001010010
01010100010001000100101100000000100000001010100001000000100010000000000100100100010010000001100001011
00101000100010100000101000000000000000000100001000100001100000110111101100001100100011011100100100100
0000010010000000011010101100100000001010010001010010010100000110001001000000000100000111010001000000G
