S0000100101010000010011000000000001000100100010011100000010000011001010100000000010000101101100100000
01001010110001001000000110111011001000111100001000010000001000000011101101100100000000001000000011000
10000011010000010100100000000110000001000000110000100000010100001000000100001000000010000011110000110
00001100011100010001000010000000110100000110100000100000001001001000010000001000100001001010000010000
00001100001100000010001010110010110010000110100011000100011110100110100000101000101001100000010001010
00010001001110000010100100101000000010000101000110101010101001000000010000001111100000001010000000001
11000100000010110001000001010110000000100100010011010001000100010001010000000001011001000010000101001
01001010101001011000000000000000010010011000100010000001000000100010100000010000100000010100101010000
10110000110110101000000010100000011000000010001000111010101100000001001010010000100010100000000110100
10000001000010011000001100000010000001010000010110001000000000101010110001001000000010000101000000001
01010000000000010001010010000000000010000000100110010001000001111000100000110010100000010001010110011
11001100111001111010001001100001000000000011100100001001000001100000001001000001100000110110000110000
00001111000000101010000000001100111000001100000000000001010111011001000010001000001011011100110000000
10010010100110101001000100000100011000000010000000010111000000000000000000001001010100000101101001000
01001100101011101010000001100100100001000011000011010010100000000000010101011001010000000000000010010
00101000000000000001100100000000001011000011000111100010001100001000001001101110100000000101001010000
10000100101000000110100000001100101000111000001100000100010000000100100000000000110000000001100001100
10101010000101000000001100000001000111000100000011110100100000010000101101001000110011010010100101100
00000001000000100011000010110001000011001010100000000000000000110010000001001010010000000110011010000
10010110100000111110000000100101001001001010011100001100000000110000000001100000100001010000001100100
01000110111010000100101100110000000010000001100110010100000100011100000000001101010001011000001000000
11000110000000010001000101000110000000011000011001000100100110100000100011011010010100010001100111001
00010010100100100000100110101000010101110001010100010000110010000001001010110010100000100010001001010
00111010000101000000000100110000100110110110110000101000100000000101011100000001010000000001011000100
00100001001011001000000011000011010010000010010000000001100011010001100010010011001000010100010010111
00000100001010010000000110010001011110000100010000000000100100010000001100001000110101100111110100000
00010000000000000111000011000000100010001010100100010000111010011101010001000000110000100001000000001
10000000100100011000011010000000000010101011000000100000000111000100010011000010001000000001010001100
00100001001110000000000011110100100000000011010010000100010000110000010000001000000001100001100000000
01011001101000010010001100001000011000100000100010100010100000000000110100000010100000000011000100000
01100100010001111101000000001000001011001010001111101001100000011000000100011000001010010000101000011
00000000111000000001001000000101000000001001001110111000101010111000010000110010000000000000010100000
00010110000001100010000000100100011000100000010000001001100001100100101100011000101111010101011010100
00100111101001010110000001101000000100001010001111000100010000001101101101101100110100000001001000010
11010110000000101000010100101000000000111000010100001010000000100000000110000010001000001110110000010
10000000111001000001110110100001100110000010001001000000000100010110010010000101010000011011001001001
00101000100000000000000000010001000011010100110010101001010010100100001100100001011010110011000010001
10001000000011001000010011010100010011110110000110010000101000111000101000110001000010000000000010000
01000010100001010011010000000010101100001011000101000000110010001110011101000001000100101011000100000
00001000000010010000110000001010000001000100011011101000000101001101100000000010001011011101010010111
11101011001001000110000000001010000001100111101010001000101100000000100100001000010001000010010000001
01000000001011101101000000110001110001000000100001000010000000100100010000010000000011001010010001000
00000000010100011010000101001010101010000001000100000100100000011010000000010010000100000110000010000
00001000000010000001111011111000000011001010000100000100000000000001010111101000100000001100000001010
00000000001000011010001010000000001000001010100001000010000101000110000101001110011011001010011000110
00001000000010010100001000000110010100000100000000101101100011000100001011101000111010010010100010000
11010000100001001010000000100001011011001000010000001100010010110000100100001001100001010011111010001
10100100001010010000011010001000010000001100000011000001000010001000000110010010010000010100010000100
00011010101011000101100010000001100100010001000110001000010010000000000110100001111011000001110000001
10100000100010011000001010001000001101000000001010000000100110000001111101100000010001000010000001010
00000000000111010000100010000010100101001000100100010110100100100000101010010100001010110001010000000
00000000001100100000101111001100000111001010011000011010101101000000000010000000000000000001000101110
00000000010000000100000001100001000010000100100001000010000010000000100011101001011100100010100101000
10101000011101000000110010101000010010000000010010001000100100100111100101100010111000001100000101001
01000001010101000010000100110010100000000001010000000000000000001110001010010100000010000100101000000
00100000010010010000001110100001010100000000000010000011100000000000010001010001100110101000100010101
01000000110001010010110010100100101111100000001001000010000000000011000000001100001001000000000001010
10101011010001000110001000010000010000011101100100000000110110110100010001010100111000000000100110010
00001001100100100100010000001100000001010010000000000000010000110001010000001000110010000000000000000
10100000000001010001000001110000010010001000100100100110100000010000000101110100100100110010010110000
00010000011010010100000010010010011110000000011000000011001000000000000000111010110100000101100100000
00000101000100010000110010001101010010011100100000010011111000110010001000100010100001110000000110000
00001011010010101001000001111110000010000010001000001101010101001011000000100001010000000100011000010
00001000001010000011100010000000100100111000110100000000010110111010010110000000001001011001000000100
00011001101010000000011001000010000000000000100111011000010100110000000000100010101111000000011010100
10000001100001101001001000000100110001010100100101000001100110100101011010001001000010000010000100001
10000001010100110000000000100110000110000110001010110000100100001001010001000000000000100101100100001
10000000100100011000010010101000100100110010010010010010100010001000000101011010111000100001100011110
00000001001010000001001100011000000100110011010000000001010001000110100000101011000001100000100100010
00001110000001010100000000001100110101101001010001011010101000100000001000000000010010011000011001100
11000000110010000001010100111000000000000010000000010110000100010101000001101110100101000011011110000
00010000010111010000010010000010001000100010001001000000000110000001101000000010000000001000000000000
01010010010101100000000001100001000100000000100000000101001010000010101001000000000000010100001001001
01000001010100010001000110010010001011000000100001001111001100001101010100000100000000000000101110100
00100100000011100010100000010000000100011000011101000001000001100000111011010110111000001000110111000
00010001011000101011100001100000100100000001101000011111000000100000000110110000000100011011101001000
00101100000001011000000000000010000011001100100000010111001010000010011100010101010110000011001000100
10010100000001000101110101100000000010000100010000101001101100000100000001100101010000010000101010011
00001000110100010011011100101000100001001010000110000010000001000100111000000100000110010010000000100
00110000000100110000000000000000001100001100011000010011010010000011010000001110000100000000000001000
00010000110000010001000001001011000100110001100010000000000010110101100000000100001110000100000001000
00110000010001000000100010100010110001000101001000110000000000011100010111000110000011010000100110000
00010000010100001011000100101011000011001100100000111010000010101000000000000000111000010100010100011
01001000000000000110000100110001010000010110100000100000010010000001110010000001101110010011110001110
01000110000000001000001001000010000000100011001111100101010001001110100000001010000001110001010001001
00010101000000001001010010010000100100000001101000010000011000010000011001100000001000100100000100010
00000101110000010000010010000001010010110110001100010001010100000000101001110000000000010010000100110
01001100010001000010000011001101000000101010010001111001010001110000100000101100011100000011100010000
00110000010100000011111000111100011111000100001000000000000100001100000010100111010000110000101001000
00100000000101001001111010010010000100000110000101100010111000010000010001000010010000000010000000000
01000011000100000100000100100111100000010000000000000011000011000010000110010011000000000000010000101
10100000111011000100000000100000000110110010000000011000010000010011011010011000110000110000110000000
11000000010010100100000100110000000001001010010010010000000100011110000000101110010001100100111001100
10000000110000001000100010001000000101001110111000000000010000000010100110010010001100000000000000001
00000000000010001110000100001000000010010111000000010101001000000110010000100011111000001011010000100
10000111000000000000000000000100011010010000010001000001001000011101010100001001011000000001001010010
10000001001100000010110001000100111101001000010000000011111000100000100000110001001010001000000100000
00000010000000010000010100010110000111000000101000001100011000000100010010100000100110010001000010001
10000100000001001000110100011001000010001000000001100000000110000001110000011100001010010001000011001
10101001001001100001001100000000001000000000000101110010010000110011110010011010110001000100010001010
1000100000010000101001000100001001000101110000000011000000010011011000000000100001001011010000001010G
