S0000000000100100000100001000000000000100010000001010000100001100000001000010010001000010101010111001
11001010010010011000000111100000101000010100001001010110100110010000010111100110010100101000110000000
01001110110001101010101100011001000100101100100010100000011001000110100000000000010101001011000000000
00000100001010101101001000100001001000001100001100000100101101100100000110100001000011000100100001101
01000000000100010011001010100010110100001000000111000011000000100111000000100011100100010000100010010
00000001001001000001000000011010100101111000000000101000000101100001000000000010010001010100000000110
00101111001010000000001011100000000001100001101000000011001001010110000100100000011101010101001111100
11100000001010111010000000101000011001010100000000000000101001000011001101000110100010101010100100001
00001010001000100000000010000010110101111001000010011100110000001000011001100001000100000010010100100
01011000100000001010100100000000010100111000100101100101010000001101000100000101011101011110110100010
01101000001010100100100001110000100001000101000100001111000101001100000001000011100100010110100001001
00000010010000000001100001010101000001000011001101010010000001000000010100110000100000101000101000011
00000110000110010101011100010010010000111100000100111001000100000100100000010100001010110000000000110
00111000001001010000010110001010000000000000101010000000000100000110000101000000010000000000010100000
11000110110000000000100100000000010110011100010100110000000000101100000000001001100010000001001000001
00000111010011001100000100010000010100001010000001001110100000001100100000011010010011000000010000010
00000000000001101000000001100001000000110000110000110010000000100101000100101000010001111100101000011
10000000000001110001001100000001101010101010010100000001110000000100110000101011100100001101000000001
11011010100011000011101100001000000000110000000000100110000000100110011110010110011010101010000000000
00110000000000100000000110010000100101111011000000000000110000110000010101111100000010100011010010000
01000000010001010100001001000000000000000111011010101101000000110001010011100111000111010101000010001
00100000010001010001110000000001101010000010010100000100010000100100000000001000001000110100010001001
00010011000111001010000000110101000011011000011000000000001001100100010110111100010000001110000000000
00000000001001000100000010000011101001010000100000100000101000010001110010000000110000001100100000010
01000100010001000010000000000000000001001000011101010101011000000110000100000000000000001010000100000
00001000101110000000000100000001100010100101000000000000100111111100000000100011101010100000110110001
01011000101000011010101101000000001001001100000001000011100000001101001110000000000011010100001000100
00101010001010010001010001010000010111010010010010000111110100001011000101111000000000010000011001010
01101000001000000000011001100001010001000010010000000000001100000100001011100000000000000000001110111
10111000001100010011001001000011000000011010100100000000100000000100010000100110000000010001100001000
01000010001000000000110001000010101101110001001010100111000010100000000000000001101001010000010100010
10000001000001001101010000000000000000100010100001000010000100000001111001010100001001000010000110010
01001000010010001000000111010010110000101000101010101010001000001101001000100101000000100010000001100
00010100000000001000110010000000101100100110110010100001100111101101110000010000000000000100100100010
00000000010011001010101010011101000100010000000010010001000000011011000000010100100000000001001000001
01000001000101011001001111110000010100000000100001000101101001010110000001011110000001100010000000100
00110110010011000000001100100000100100101011001110111011101110110001000110100010001100101011100000000
00000001000010101011110000011011010011101001110010010000001000100000000000010010011000001000110000001
01100010000010011000010001010010000000001000001101110000011101000010010000000010000100100000000000000
00100001000010000100000000000010110011110100001001000101110010111110000010101001011000100001001100101
00100011000011010000101110100000110111000000010000010001100000000000010000001110001000010000010100000
00001001100110001000100000010011100001100000101100000010000100001101111010100000010001110101100000000
10010000000011101000000110001000100110001001100100000101011010000010000100101000001000000001110001001
01101000110000010010100000000000001000110000000000100011000100011000001101010001001000100010010000001
10001011010100100100110110000011000001100010101001000010100010000100100010000110010001000000000000100
00001010100001100000000001001010000000000001110000010000001000000101101110001000000100011001010010001
00100001010101000000000000000000001100000100000010000010111100000000000001100000000000000101100001010
10010010010010010010001001000111001011000000100000001101001000001110011011010000100001000000000000010
10000100000101000010000001100001100101000001001010101000001000000100010001000000100000000010011000001
01000100110000010001010001001010100000010001000110101100001001000000000010001010001000011101001001110
10000000110101000101000000000000111000010100111010110101001000101000000010000000001100000000101111011
10100001110110110010110000100000100000001000000110000100010011110101010001111011101000011011010100000
11000110010100100000000100010001101001000010100100001001010010010111010100110111000010010100011010000
00100000000000010100100010010010000100011111010100111001110000100100100001101000010100100000110000001
10000010000000000011000000000110101001100000000100001010000110011000000100001000110101001000000101110
01001001101011000000000010000000000110000111110011000110100000000110000110110010110100001010010000000
10100011000000011100111000000000000100110001100110100000100010000000010000000000010010111011001000101
10000000000000000000000000000001101000110001000001000101001001100100001100001010001101100001000000100
00100101000011100001000000000000100101000000000101100001001001010111011000000000010000001000100010000
00100000101001010011000000000100101111011100000011001010000000000100010100000001101011000010000010100
00000000000000101011011000110001111010000000011110010101100011010000110001010000000101101100000110001
00010000101111000000000000010100000000000010001100111001011000110000000100101000000010000000000001001
00100010110011100010010110100001001100010111100010100101000100010111001100111000011011000000010110000
00000100010000000111011000010000001100100100000010100001001001010000100101010011011010100111010010011
01110010100000100000000000000111000100001100011100000000000000000100000110100000100000001001010000000
00001000010011000001001000000000000011010010010000011101010001100010100000100101000010000100110100000
00010011000000011100000001000000100001110110001011000010000100100000000010110101001010001101000010000
01000110010000010110100000001000100010000111000000001010000000001000011111100101000100000010100110000
00011001100010000000000001000001100010011010000000001001101000010011000000101101100000100101000000110
01010000000010001000010000000001110010011001000100001000000100000001010100011000110001000010110101010
01010000100001110000001000000101000000010110100110010010100001000010000010000000000100101100010000101
00001001000110000100000110110100010000010001001001000000000010011011100000001000000100000110000001000
00001000100000110010101100001010100001100001000110001100000000101001001001000101000100000000101000000
00000000000000110000000010011000110001000010100000001010000001000100000000100000010000001010001100100
01110010000100010110010100100001001000100000000010100000000110000110111100010010100000000000010000100
10001011101000010000110111011001001000000000000000001010001000010100000001100011010001000100010100000
11000010000101000000011101101101111000000100000000101010000010010101000000111100100100010111010001110
00100001001100001000010001000010001110001110101010010000001100010011010011010000010100000001110000000
11000011101000100100010001001101000011011001010100011000101101001000100100010110100001000000011000000
00001000000010000101000000001011100000101011000010010100000000101001000000001101110001000000011001011
10110100000000000000100111000101001100011001010000010101010100011010000101000101010010001001000111010
00010010101010010100010100110100000000011010010000011001111100000010010000100000111010000111001010001
11001000000101000001000001000101001010010001100001010101011000100001100100001000100001100000000100000
10100001101010000001000001001100000001000110010011101100101001000000100001000000010100110001000000010
01010000010001100101000100101101000110000101110100000010010010010110010010101110000100001001100100101
00101001010001100000101100100011100110001001000000001011110001010000000101000001100000000110001000000
00001010000000110101000000000110000110111000100101110000100000010001001000100000000001000010001100010
00101000100100011100000000101011010000000000000100110111000000000011000000100000101100001100110011011
00000010001000011110100101101000000010000100001000000010111111100101000000000000000011000110110000100
10101000000000000010111000001001000100101011011101000010000100001101010001101000100010001001001001000
00001000010101001010001000000110011010100000110100100010101100000000000000111000001100000010101001000
00000000000000001101001101000101111011000000000010100010010010010101001001100100001101010000101001001
00001001010011010010100000000000100011010100000000010010001101011100000000000011000000000001100100110
00110110110100110110000000001101000101010010010000000000000010001000101100000111010011011010000110000
10111000110100110010000100001100100000000011011010011110001000000110000110010110001101001110101011011
00000001100001111010100000000100001001100010000110100000011000110001010000000100000100010001000010011
00000011100000000000100100100111000000010010010100000010100001100100011101010000100100000000000010010
00000010000100100010001010000001011011000000001101011011000000111100101001100111010000000010000001000
10000000001101100010000000111010101000111011100100011000100100010010000000001100010000000001010000000
10111100000100100010011000100010001000001000000010101101100100000101100001000100111000110010100010010
0100000001010000000010101000010000100000000000001100110000101011000010010010101100001000000010000001G
