S0010010010100001111010111000000000001000001001000000001111100001000100000100101010011100100111000000
01000001100010100000000100110000000111100000101000100100000000000010101010100001010101000010000101010
10000101001000001010000100101000001000001100010101001000000101101111100001000001000100010000000100000
00101010011010010010000100000100010010010110000010000100000000000001010100110000100000101000011000000
01010100001100011100100010101100001100110000010100000001101000110100110010100010000001110011010010001
00010011010000000100100110100111010000001010000001001100010000000010000010000011000100110010001100000
10111010000010100000000000001001100010001100000000100010010001000100000110000001000010000001100110100
01000000000000010010000011001000011001000111000010010000110100100001101100001000000110110000000000001
00010010000001100010000001000000010010000010011001100010110110000010010000010010100010001000110101100
11000111100100110110000000110010001011101010000001000001000000010010000010110000000000011010000000001
00000100001001001000001101000001101000000000000010001010000000101001010100001001000001000001101110000
00100000000000000100100000000010101000010010101000000000000100111001000011100010011100000011100000010
00010010011001001000000001000100001011101000100000001000000100100110000000000011000101001010000101010
00001100000101000100001010111101000000111101010000010000110101100010101000110100100101111000010010000
10000100110001000001000000000000000010000001110110000010010001101000000100000000001000001111010000010
00010000010000010001001000000000000010011011000001101110001101001001011000000000000100100101011011100
00000010100000010000010100000001001000010000000010010011000010100101000000000100100100011000110010100
01111000010100000000100000100000000010000101100000001101100001000110100000000001000010010000000000000
00110010100100010001001010001100000111100000010100000010010000001000000000111000110010000010000101000
10001010010000000110000001001000010000010010000110001011000000001010100101000100000010000010100001000
00000000010010101001100110000010000100000000000001001100000000001011001001010110000001000100000000011
00000000000100000010010100000000001100100000011000100000101000000100011000001000000110000100001000001
00000000110100100110011110100000000000000000000010001001010100010000000110100001000011000011001000010
00011010110100000000001010100001111000000001001001001110001100000000010010100000101000010010011101010
01101100000101010010010001011101100010001100011000100011001011110110000101000000101000001000010100000
00011000111011011101000100010101110010010110100000101001010110001101000010000110010001101000001001101
10101000010110000100000000100010000111100000000000001010100110000000000000010000110000000010110111000
01100101110010000000010000011000000100000100010011000101000000001000001000100000001101000110001000111
00111001001001001000001000000001001100101000000010000001000000000100110100001010000000001100001001100
00010100011010000000000000001010010001010000000001110000000011000111100001101100110110100000001010000
11001010100000000110000100000000001001001000111001000000111100010100101010000001101000100001001010010
01010001101000110100100000000000110100000001000000010100000101000000101001000101010000110001000100000
00101111001000000000001010001000001100101001110110010011000101011000010000100010000011000000010101000
00010000001000000011010000000011010001111000000001000001100111001011010011110000000000100000000100100
00000000010100000000110010001101010010101100000010000011000001100100000010000100110101101100111010010
10000100000100010000010001101010000011100000011010110000010001000000101100011000000000010110010001100
00100000011000000000000010100000001000111010000111000100001000001110100010010010001000000110100000000
11100101000000001000010000000000000000001000111001011000010000110111010000000000111000111000000010010
00000000010010011110110000000001100000010001000111001000000000000101000100100000010000000001000000000
00000110001010000000000001010101000010110100010000100101000000000000010101010000000110101011001000010
10001001010001001000110010001011111000001010001110000000000010000001011010110000000000100001100011010
01110001010000100110110110110100000001100100001100000000101010000110110001001010000000000101110011001
01000000000100100110000100011001001010100011010000100001000000001010011010010001000100011000001100011
01000000100000000010011001001000010000101001001000010000100110110000000000100000010000001000110000000
01000010010111100010010100000000100011000000100011100000001100110100001000111001000000000100000100110
10000001000001100100001000001001000011000000000000000000100001110000000010001100000000001100001000110
01011000000001000010000000110000101001000010011000000000100000010101000000000100011010010011000100000
00100001000011011011001000000000101101111011110101001010001010100000100110100100110100100001000010000
00000010001000001001000101000010111000010100000110010100001100001101110000001001001001010101001100100
01100101000001010001000000000000000000110001001001110110000000010000010010000000010100011000010101100
11010111011110101010000011001010000000101101000110010110000110000000000010011101000011010000110001010
00110000000010010100000000000101011100000010010000000000000010010011110001010000100000101111101000001
01010100000010100111100100100000000001010000000000011100000000100100000001000010000000110000000000100
00000010000000101001010010100001011000000110100111011101101001111100101000100011110000000101100000000
00000000010000101001011100100011000000000010001000001000000001101100010100001100011001001010100000000
00110011010000010000010010010010000100001000010100000001010101000001010001111000011101101010001000010
00010110000011101100000011000100000000000010101010110000111000101110000000010010000001001100001100000
00010110110000010011100000000110010000100000000011000000000001011000010010001001000000000011000010100
10100101110000000100000010000111000000011001010010000100010011101101001100100000001110001110000001100
01000001000000110001000011001101000001000000100111011100001000010101110100011100010100011010001010001
10010011000010001011000100000001000000100011000010110000010000101101000100000101000000000111100000101
00001100110001000010000000000111100010101000001000000000100001010000100010000010110111011000010000000
00100000010001000010010000000010000000011000010100000010000000100100010101010000001001100010001000000
10001000000001001001010001000010001001010011000000000001000100001011011101100111111000000001110100000
10110100000000111010111100000001000100110000100010010010110010100000010001000000100001100011000110000
01010000001000000011000101100011000000110101001000011000000000100101000000000011110000000100000101000
00000100010100001001100011010100000000110000110000000000010100100000110001000010010000011000000001000
01101010011010000110000010001001011010010000101000000000001000000000110000101000000010111000100000100
00000110000000000000111000010000001010011100101000100000000000100011000000001111001100100101010010100
01000111000000000100100001110000000000000000000000110001000101010001000011000010000010000101000000001
00001100000110110110111000000010011000010000000011000000000011100000001100011010010100100111101010100
00000000110010001100000010010100100010010001001001000001000000101001000001010001000000000010010010000
10010001001000010101000001001011010000000110000000000100100001100001010101110100000000111000000110110
00011010010000000001000010000010001000001010100010001100101010010100100010101000010000010000100000010
00101100011001101001100011100100100101010000101000001011000100011110100000001000001000000000010000000
00100110001010100010010000010010000110100000000110100010000010100000010010100101000000001010000001000
00000000110000000100010000000000000000011100000000000001000101111000000011011011011000100000001000010
00001100001001000010010110100000001100000000000110111000000000010000100011010010010000001010100000000
00110000010101010110101000000111001000110111100010001000001011010000100000010000110010011010011011100
10000001100100011000000100000001001101000100000000000000011101010001010000110000001000000001000010101
00010110000000000000000000000100001001100000010001010010000000100010000000000000000001100000100001001
10000101101101000001000100000000100100100101000101000000000000000000100101001110110001101010110000000
00000000110011100100001100000010010100000001001100000100000001101000000010000001101000100000001001000
00001110010010010000000011010001100001011010110000010010010001000000010110000000001010000100010111110
10100010110001100100000010000000100000100000101110010001000010011000000000000000000000011001000010001
00011010001010000000010000001010001000101100101000010000011100000010101000010100100110001010000100100
00001101110011010000111100100000000110000100001000000000100111000000000001000001100101011000110110001
00010101000001000000100101011000100001000001110101010111000101000110110001000001000010000000100010000
01011000101100011000000010010000011101100000000101010000000000100110100000110100001001000011000010010
10101000110011000000010011000011010000110001001000001001000000000000000101100101001101011100101000100
00010010000111001010010000001001000101011000000001000001000110001000110000100001000000000010000100010
01010100000100000100010000101000000000011100000101000001100000001001000010010000101001101111000001010
10000100000000000011100111000010100000100100110011100000100100001001001000010001011011100101010000001
00000001001010010010000000100111000000000101001000000110000000010001000110010011000010110000010100001
00100010001010100110111000000101001100011101001010000010000101001100001011100000101000100000101000000
00000011010000110111101000000000111011000010111000000110100000110001100010100000000100100000000000010
10000110000011001000001010000010100000100000000100000001000100000000100000001000001000010100100100000
00100010000011010001000011000001000000000101001000011010101101011101110000000100000101010000000100100
00111001010000010010010000000000001101000010001101000001001000001001000000011100001001000110110000110
00011010101001100101000011000110100000001001001010000100001010000000010001000000000001100000010000100
1100010001000000100100110111110010100000001001000110101010010111101000110110000001000000000001011100G
