S0001000000010100000000011100000001100010100000001100011000011000000110000010000110000000100110100001
11100001010010001110000010101110100000001000110000000010001000001000000011010000001010011000000100000
00100010100011011100010010011001000100110001010000010101001010000001000100000011110111000000100100011
00100010000101001001010000111010001000000000001000001011101010000000010001011001101100001011000001001
00011000010101011000110011000001100011001001100001101001010100100000001000100100000000001000010000001
00010010000110000000011010101001000000001000000101010011010101000011000000011010001001000100000000000
10000000001000101011110010000101011000010000010000001111010000011100000010000011100000000100000111001
00110000000000110100000001000000000011100000000000101000000000100000010000110010000010000010100001010
01100101100000000100011100010000011010001010011000100100000010100000101000010000000101100011110000011
01001100000000000000001100000001001000001000100000000000001000010100100000010011001100100110001000100
10110000000010010000000100110001000010011011000100010110001010000000100010100000010100000110000001001
01000010101011000000111000010000010100000000000000100100000000000101100100011010001000000000000000010
10010000110000000010001100001000001000010001100001000001001101001001000010000110000011011101010000000
00001010001100100001000001100000010010001001001000000000001010110001011101000000001100001000000110100
00001000000111000011010100101010000100010000001000001000000010011001000111011000000000000000001000010
10010100000101000000000101000000000000001101000000110000011100110001010001110000000000001100010000101
00010000010001101111000010100001000010111100001011000001100000001000100011001010101000111010001000100
10110010000000010000010000110000100010000000010100000011001000100000011110101100000000100010001001001
00010011000001000100110011100000101000100100100010110001111100000100000000000000100010100011100000110
00100000000000000000010100000001000010111011000010001100000100100001001010010000000001010000000001011
00000001000100001000000000101000000000000000001000011000100111010010000100000000100100001100010100000
00010001000000000100100010000001010100101001000000001100101010011001001011000100101010001000010110100
11011100010100010101111001000110001000000000000001000000101100110100000000000000001110110000000111100
10101011011000101001001000001100010001100000000001100000101010000010101011000000101000011100000000000
00101010100101000110001010001000100011100000000000001110000010001100010001100001010000101000000000000
00000000000000110011001000110000010100010110100100100010010000010010100010001110000010101100110010100
00000001001000010100000000100100010010100000110010000000000100100101011000001011010001010000100010010
00000000001000000000000100110110000000000000101000001000110101111100001000010001011010000010100000101
11001000000000011101010001000000010001111000000001000011000010000010000000000011010011100010111101010
00110000000111000100000001110000001101000000000100100011101000000000010110000010000100101011110010011
00000011100000000111000010011000010010010001000100000000110011000011001001101010011001010010010000100
01001000000100000000000010000011001101000101001010000110000000001100101000011000000000111000000011100
00000010001110000010000001000100110000001000000001000001000000011010011000000101000111000010000000011
10100001010010000000000111111000000000000100010110110001000111000001010100001100001010101001000100100
01100010000000010000001000001100000011110000001010010100010011101110111010110000001000100100011001000
01000001011000100000000010000000001100000100001001000001000100100110101011000001001001010010100100100
00101000100000010000101000011000001011000000001011011001100001101010000000010011001010010010100000010
00101010000001000001000101101100000010001000000101101001101100100100000010000001001001100110100000001
10111001001001010000111010100111010000000101000000100010100011000000011010001000001110001010000100010
10011100000000011010010000010001110101001000111100001011000010100001010000100001010001000010000101000
00000101000010100010100011100000011100000100100100000011001000011010100010000000100010001101001000010
00000000110001001000001110100010110011011001001000001000010111100000110110101001110110100001010011010
01101000011001101101101000000001010001000000000111000000010100110000000100010011000010010001000010000
01010010001010000101101000101000000010001001010010110100011000000000010010100100101101000100010000100
00001000100100001000001010001011000000000110011010101000000110000000001100101010101000010100101000000
00010000100010001010101110100100110001000001001010000001000100000100010100001000110100101010000100000
10100000000010100111001000110000000010011101000100000000000011111001000100000110000001100000000100000
00110011001010000001000110000100011101100000010000000100100000100001011010000110000001000001010000000
00010110001000111110011000000000100001010000101100000000001000001100010001000001100010000010000001010
01000000110010101000111001110000000010111000101010110010010001010000001011000000000000001001100000010
00000001010011100101010000010000010110010010001000001110000110001011010000011000101110001110011100100
00010101000000011010110000001001000000000001100000000111000010010101000001101110000010000000000100111
10000000110000000100110010001001000111000010000101110000100001000000000101011001100100001000000110000
00000100000011010000100011000000011010110001100100010110001010000000010110100000111000000001000000100
10000000000000001010100010101110000000010000000111000000000010010100000100010011000000000000100111000
00011001000100100000010000010000010110000100100000001110011000000100110001000110111000000011001110000
00010001000000011010001001001000100001001000001011000001001000110001000001111010100010010011010000000
10010000000010000101010010101000011010000000111100000000000110010000101000110111000010011001000001001
00011000010000100100000001001110110100100110000000111010100000000100001000000000001100011001011001000
10011000010010101100010001000001100111000101110100000001010011100001010101000000010000000010000000001
01000000010001001000100000000000000001000000010011001110000000000100010001000000100000110010010000101
00000001000010000000111100001010000000111011101101101100111000000001001001000000100100000010001001100
00001100000111001110010000100000100111000101000000001001010011101001010000100100000001000000100010110
00011001101000000000000000100000010001100101010000000101011001000000100010001010000001011100011011011
00011100001000101100011101000110011000100100110110100000101000000001010000110010000000101000001001000
10000010011000001010101000010001101001000101110000010000001000101000000001100000010100001101000000000
01110001000000101001100000000010000111101100010100000100000101010000110000001001001000000001000101000
00011000010001010011011000100000101000000000001000001100000000100110010001110000100000101000000110101
00000011000000000000100000100000100010000001011011010000100000101000111000000011010111010010101000000
00001110001000000100101100000100001100001000010000001110100011000000000110010000110010001000000001111
10000000000001000011100000100000010000110000001000010110010000001010001000110001001100010000010000000
00101001011001000001111000001110001000001100110000000001010101110110101000010101001011100010011010010
10001000001011000000000010010000000010100000100001000011000000101110101100100101110100010111010100100
01010110001001011000001100010010000100001100000000001000000000100010010000111000000110000000010100000
00001000100100000010101010000110010011000001111000010000110110011001000100000111100110011101000000101
00100001101010100001001010000000000110011100010000010000000101000001001000010000011000000000010000001
00001000110001010001100000011000011010010100100000001001000111010010001001010000010000001011001010000
00000000100011100100100000010101110101000000110100100000001010100000001000100110010001000001000000010
10011010100001010100000000011001000010001010011100000000000110011100000001000010000010000010011000000
00100100010011000011001100110000000000001101001001010000100110100000111000001001101010000101001000011
00000101101100100001100111000100001100010000000010001100100010000011001101000000000000110101000000001
01110111000101100110000000001101000101100011001001000000011001000100000000101010110000011000000100000
10101010000101100000100000001110101111000000001000111010000000000010001000000010100100000010111000101
10010000000000100000010100000100000010000001011010010000000101100001100010100000010100010000011000010
10101000011000000010000010100000100100001010100001000001110011001011000011000011010000001000001011000
01000101100000101000010000110000100101000000001000000100100101011101000000001010010000010000101101101
10000000000100010000010001010100000000000000000101010111000000000000010010001100010010000001010000111
00010100011011000100010010000000100100000011100100001110100001010100010000011100000000010101100010100
00000010100010011001100000000011001000011100000000000001010000000000001110000110110010010000100011000
00000000011000000010000101001011100000001010100000001001011100000110000101000001001000110000010000010
01100000000100100000110010010110000010000010100110000000100010000110010010111100110010111011000100100
00000000011101010000100011110101101010011001110000000000110001011001000000010001101000100000110000011
00110100101000001001010001100010001010101000110010010001000010000100000000010000000010100100000000100
01100001010100010010011110000001110110100100111001000111000010000011110100011010010000100100100000000
01100001010110001101111100100010001011001000001000000001010000100001010001001000101101100011000000101
00001100100000000100000110000000110000000000110000010010000000000000000001000110100000100001010000000
01000110101001000100000000010000110001100000000000010000000000011000100101000101110011000000000001011
00001100001100000000100100010000011010000000100001000000001101100110010000100000000000000001000001110
10000001000100000100001100001001000110000000100001000100011000111101010110110000000011010100001101100
00011000000001000011100110000000000001100000000011101000011010100010000000011011100000100000010000010
1000100000010000010010001011000001001010010000000000101111001010100001001100000001000101100001101110G
