S0000111001000000000010000100100000010001000000000001001010010100001001000110000000010000001100000010
11011000101101011100111100000000000000010011001000001010001000001001000010000100111000011011010010000
11000001111000001000000100000010001010100011011000011100101010000000010001101100100011001100001110101
01010000001011000000000000010001100011000000000000000001000001010010000011010001000011000000101000010
10100000000110010010000000101100001000000001010000010100100000011100101000000000000100000000001011010
00000001001011010101100000001010000101000100010110100111010000011001010001000010000000011000000001000
10111000000001100010000000010101001000010000000000000100100100000010000100010100110011010000000000101
01000010000000000011100100001000010101100000111000000010000110000001011000000110001100000100000010001
10000010000000000100111000110001100000001000000000000010000010100100000000100101001100010000000100100
10000001000010100110000001100100000100000101010110000010001000000000010001010001010010110000100000010
00001001101000110000000010000101101010100010000001000001110000100100010011100100001010000000011101111
10101101000100011011110000001110110001001001000001100000001000000100010000100000100100110101011000100
00000110001100000000000010001010000001000100000001000000101010100001000001100000101011100110100001000
00011000000000000000000001000100010000001010000001010001010001000000100110101000010010001000000110000
11000000000011100001001000000110101001000100000001101100000010100001000001010000010010000011110010000
01101000010110110000000000001101100100000010000100001000000001100000111000010100110000100001000101000
00000000011000001000010001001000000100100000001000100001010110001010000100101100101000100000000000111
01000000001000100100011000010011110000010100010000000101001000001100110000001000001010010001011100000
00000001000000000000001000110110001000110101000000100100000000000000100010000011100000000010101000000
01111000010000000010000000001001000001011100000000000010010010000001000001000001000110001000100001010
10011010000110011100000111010000000010110100011101000000110100010000110000001000001001100011010000000
00100001010001110000110100001010110001000100000010100100000100000010101100011001000000000010000100010
11000001000000100000001100001011010000001001000000001100011010011001100000011010100000100001110000001
10010010000010001101101010110001001010110000000000101000110100101000001001001011010000011000010000000
00000001000010001010001100000011010100000001001001000111100100001000001000001110000110000100010110001
00000001001000000101100010001001100100001000100100000000000001100001100101011100010000001000000001011
01000000000100100000011001001001100000000011000000010001000000101000010010110000001010001010000100110
01001101000110000100111110011000000001001000000001001100100101100000100000110010101001000110000011100
01010100100001010000000110000110011001000000000001000010011110000000110010101000011101000000100000010
00100010010111001010000000001010000001000000010100000110110000011000110100100000101101011100000110001
00010000011000000000000111100100000000010000000110010010010111010100110001100000010110000001000100000
10011010000100101000000100100110010110110000101000000001100101011010010100000000110000000100110000000
00001100000100001010100111010100100010000001001000101100011000100000000010000011000011100010000101000
00000000110100100000110000111001000000000010110010000010000000100010011010000000000000010111001000000
10000000001111001010010001000001010000010000001010001000010000100001010100110100110100010101010100001
10011011000011010010010100001000000001101101000010010110010000001010001000000000111001001010010001100
00000000010100010000100000011000010001110010000001010010000100000100101000010010010010001010010010010
01001001000000001001001000111000011101000000000000000010000101100110010010011011000000110100011100101
00000010110000000001000100010100110010010101000000000000001100011011000001100001000100001000010010000
00111001001000000100101010100011000110100000000100010010100110100000001000010001001000101010001010101
10000110110100000110000010101010100100011010000010000000000100000110000000000000000101000010010000010
00000001001011000100000101110100001000000001010010000000001001001000000010010001000100010000010011000
01110100010000101110100110100000110010010001011000010010101110110010100011000010000001001000001011110
11001010110100001000100011000101000010100100101000010000010001100001010100000101000010010000000100011
00000001000000011010001010011100000100001100100000110000000000001100010100100000100001101010001001001
00000000101000101100100000001100000101001000011000100011010110101100000000010101000001010000000001001
00100000000110110000100000001101010001010010001011000010011001001101000000010100010001100011000100010
00100110000100100010101000100000000001001000000000001111001010000001010000010000010001000100011000000
10000110100000010000011000110101010000010011101010000100000010000100100001000001000000010110100010010
01000010000110011100000100010001001000111100100000000000111101010000011000011101000010001001100001010
00000000001000100101100000010100000000100000100010000000001001011101101100100000000011000000000000000
00101110010101110100000000110000100100001000000001110100100001110011010110010011000010010000000000000
00100011101100010100101000000100010001101010100000000100001100000010000010000001010000001100011110100
00100000000100000000001111110010001101001101010101001001001110001110000001000000000000010110001000110
01000110010010000100000010000011110100000100100100100000000010000001001000000000100101101001000000010
00001000111110000001101001101001010001101000000001000111110000000000000111101000000110000011000000001
10010010000100000000010101000000000001010000000101001100001010000101000000000110110001000010010000010
00100010001011100110001010000110101000001110100010010000001100000101100101100010001100010000000000110
00011101001010110010101010001000100100101000000000010101000100111010010100100000100111011000000100100
00000000101101010101001101100010010001000010001101100000110010010011000001010010100000111001010111100
01001001001100000000010101000010000000001010001000001011000001010000100001000100110001000100100000110
10010001000000010001011000100110001011010001000000000001111010010110000011000001001010010101110010101
10000111011011110001001110010100000000001100000000001001011011110100010000100110111100000001010010100
00101100001001001000000001011101001010110001000011001001000000000000000010000000100100100000100000000
00101110110000100100000001010010000110010010011100000010001001000000010000000001000010001110100000000
00110011010011101100100000010011100010010101000000000000100010000000110001010010000100101000000101100
01101001011010000011010010100100000000011000011000001010100100001000011001001001001100110110101100001
11001000000101001000000100110101101110011000000001100110000011001101100010110110111001100100001100000
00001000011000001000100000110011001001001000010000100100000001000001010000010101100001000000000010010
00000001000101100001101001100010000010000100001000000000000011000000001000110000000000001001100000000
11110100000000010001010001001001101001010001100000110000000100000100001001101100100010100001000000011
10110011010000000010100000100000000000010000110001000111010111001010000000000100000000000001110100001
00100001100000010010000100000100000001100011000010010010001010000000011110001000101100000011001010000
00001011100000000001110011000001001011000001000100001000110001101000000010010100001010000100000000001
00001010000000101000011100000111000001100100110000001011110111011111000000100110001010000000100000100
10010101001101011010011010101110110100011110001000010010001000110100000110010000110010110100100000000
10000010110100010000110100100010001010000101000001000000001000000101000000011001001000100100001100010
00101100010011001011000001000000111010000001010101111000000110110110000100100011001100000111001000100
01101100001010000001000000010101010110010100001111010000000110100100000100111100100010000110000100001
01100100000111111100101110010001000000010100001110010010010010100000011000010000110101000000000100000
00100000010100100100011000100111011001000100000000000001101000000110000000001000000010010101110000001
00101101000000101000001001000010000011000000001010100101000000111000000000001100100001110001001000010
01100101110000110010100011100001100001000011011100010000011001000000000000000111011001100110011000101
01100001000110001110000011100001010110010011010010010011100110000001101000001000011001100000011010001
00100100000010101001000001100100001000110001100010000101001001100010011101101100011001010001010000000
01000100000010010010000101000100111010100010100100101100001010100000110000000001100000010000001000011
10000011010110011000000100010010000001000000101010101010000100011011100011010010101001011100000110001
00000100001100110000111110100001111001010011011101100000001010101110000010111011011101011010010000000
11000110000100000100010001100000000001000110000001011100010001101000010000000000100011001010000000010
00001000101000010011000001000001000000000100000001000000001000100000000100001100110000110110110001011
11100100100000100010100100001110000100000001000010101011100010110000100100000000000101010000000011010
00010011001100000000110010001101000001001100010100010001001110001010110011010011100011101010100111000
00000010011000000001000001010001010100000100000001001100011000100000001000001010100000000011100100100
10100110101100100001011001100101000000110000000001011111110100000010101010100000000100110001100100100
00100000000001011000000000101000010010000100101001000001000100000111001010000100100000100100000000101
00000100100000100000001100000001010100100100011001010101000001100001010100000011110011100100001000010
00000000010000111000011000100000000011000101000010101000001000011000000000000001000100000100001100000
00001100000111000001000101010011000000000100100000010111000100101000001010100011000001101111000000100
01101000000011101011010001100001001011010110001010010000001000110010000010000001001000000010100000000
11000100000000101000001000000011000100010000010101000001010011001001000000011100101001110101000100000
0100000001001000000001010001101001010110111010100001110000010000010100000000011010000000000001010000G
