S1000000001110001110001001101001100010001000000000010100000110010001000000101010100101000000010000000
01001110010001010001001000101000011111100010100000111101010011100000010010000000010100000000010000000
01000000111000100110010001010110000001100000100001000001000110101011100001101000111010110100001000000
00010000111110000001110100100000000000100100000000010000001100001010111100100000101001110000010100000
10100010000001010100000000000000000000110000110100100000000000011000001100100011001000001000010010000
01011100100000000001001110010100101100010000000000001011001000110011100000110001100110000011000010000
00010100000100000000010001110100110001100000000110000101000010001010100000000000010000111100010010000
01010000010011000010111000000000000010110011010010000000000010000100111000000000110010100100010010000
00000000001100000100001011011010011001110010000010111000100100010000011001000011010000000000100010000
01110011010001101100000100000000000011000000010000001000010010011010010001000000100000110000000001000
01100011100100001100000101000100001000000001101100110000000001000001111100001010100000010010010001011
00000001010000011000101001000001110100000110001001000010101000001000001100001000100001001100010010100
00001000011011001010001100001001100110101101000000000110000001100010010100000100000000001010001010001
00101010010101101101010000000100010111000000000010001100010000100110001010001100000000010011111000010
10000000000010100000001000000100011000000011111100100000111101001000100110000110001010101000010010100
00010000010000000100100000000000010000110011011010110000000001000010010001010000000000100010010011010
01000110011101000011001101000010010000001001000000101100000001001000010000001100000000010000010001001
00001000000000010010011001011000001010000000110100100001010100100001001000011000011100000100110100010
00100000000101000010000010101111001000000001000010010100100011000011000000101000110011110010101000100
01000000000011000001001110110010001100011010000011001000100111000010010000001000101010100100100100100
00000000111000010100110001000100000011010001000010100000110000101000100011001001110001001000001000010
00001001010000000011010010000001000000000101010000101001101101000000000000100101011001010110000100000
00000010000011111001110000010010100100110100100100001110001001100000010000001100001000100010000010010
00010101000000110100100000001100011010000101010010101100001000010001100100000100100000001010000100000
00010110011000010011100100010000010100000110010000001000100010011110110100010000001110000001100111100
10000000010000000000000100010011110101000000110010000010000000000001000001100100100101010000001000100
00000000001100000000010000001100001000001000100100000010001010010100001000000100100100100001100000000
00110001101100000100100011000111000011000001110100100011000010001000000100100100101100100010000100000
00111110100001101010000001000100011100000100100010110000000110111001001100001000100000010000000010100
00010000100110000011000001000110010000100100001000101010100010001001100101000001000100000001101101000
00100101101100100101100100101000000001000011001000011000111001001000110000000010000110010010011010000
00010101000100000000110001011000111001110010111001100000000011100100100000000011000100000100000000001
01100001001100100000000001110010101110001101000001000000001010000001001001000100000101000110101001000
01000010001101011100010000001110100000010001110000100001011000000000000101000000000000000110110100011
01011000000101001110010110100001001001000110000001000100100011000000100000000001000011000010100000101
00110001000000000000101010000000100101010000001000101000100000100000011001000000001000000000010100000
10010000011000000001110001000010011000000100010100000100000001101001000010000011100010111010000011100
11010000010010100110010000010010000001001001100001101001000000100001110101001000001000110000111000000
00000000000000101111101010001000000110010000000001101100101001100010100010000001001010100101100100001
00010100010001100100010000000000000000111000100000110000000000010001001100011000000011001100000111000
00000000001000110011000001000010011011001111010001011000100001001000110100000100101010100001100000011
00100000001000001100000001001011100000100000101010100100111010011000000000011001100010001110010101000
00010001000011001000010000100010000011100011010100000000001100000001100000010100110001010000001100010
10011000000011100101110010000000000010001110010000000100100000010010111000000101010010110100000001001
01001110111010111100011100001001001110110101010000101000101000001000000000000000000000000001001000000
00110010011011000001010100100100100000010100101000000000011000000010000010011010110101011111000100100
01000000000001001110001010011111100000000100111111100000101010001000001010010000001000100000000010011
00001000100001100001000101100000001010000000100001011011010010100011000101000100010100100000010001000
10001000110110111010000100010100100001000110000110000000011110001110100110001011101010001000001000010
00001111000000100000011000110000000001000000001000100001000000100110000000000000100101010000001001100
10010001000000010100010000010000000000110110000000001111000001011000001100000001000001000001000110001
10010000011110111001110100100001000000101001100111011010001011001010100000000100001110001000101001000
01001000101100000100110111010011010000010110000010010100000001010000110000010000010000010011000000100
01101000011001010110000110010110000000011000011000010000100000101001001001000000100010100010011010000
01000000001010001000000000101000000010101100000001010010110100001110110000001111001000101001000000000
10000111100010000100100001111010100001000000110000001000000000001010000111110010001100110011100101000
01101000010000000000010010101101000110001000100011000011000101010000110010001000001000000010110001010
00100010001100101110000001011010001101001000000001100001000101000000010000110010000101000000010111000
01010010110000000010000001000000111000001100001010100000010000000000000000010001010000100001010001000
00100100011000011000101000000110000100110000010001010000010011010010000010100001001001100000001100100
00001000100000000100000101001000101000001100110100110000000001110011010100000100000000000010001011101
10010000001010001001000010111000101000110011100010100010100000000000100000001000000101010000000010001
00000001011010000001100010100100100010010000100110100001010000010010000000110100000010100000000000000
00010001001010001110010000001010000010001000000000010000100000010111110010010001110100100010000001010
10110000000001000000000000000000010000110000000000010000110000000111010010010100100010000101001100000
00001100110000110000010000000011100111000000000100000010000001000000100010001110011101000010010101000
10101100100100010010001000010000000000001000111011100000001000000000010111000011110100010000001010100
01100010001000110000110010110010010001010000001000001000000011011100010000001000000000000010011010100
00000001001100000011101000000101001000100000000100000010000001010101000000100000000001011000001000001
11100100011001000011100000001101101001000100010100010100001110101010001011010000000011001000110001100
00101000000010000110001010100100101001011100000010000000001001010000110001010101000011010011000011011
11100101001011000011000010001000001111000000100000010011000100111100010000001000001000110101001110001
00010100001001001110010000000101100000011001001001001001010000011010000010100100010010100100001000001
00011001000000100100110000101110010000000000001000010100000001001000100100100000000000100000101000000
11000101010000011101010101010000001000010000010010100100101010100000011011010011000000000010000001110
10010001110000010100000001011001000010001001011001000111000000010110111000101100000000000110011000000
10010001100001100000000010000000101001000101000010110011101101011100000101000110100000100010001000000
11010100000010100010100101000111000000000000100001000010000001000000000111011000000000000011011101001
01011000100000010010000000000100010110110101010110000101100001011001100010100010100100000001000101000
00010000101001100000100000010010000001110000110000000001000000011001000110000011101101011100000001101
10000101001100000110000100000101001111010000010000010000100100000000000010011000000000000110001010000
00000001010000001000001101001010000000000010000000010110011000000001001000000001011000010110000111000
00010000000000100100001000010101001011010001000110000010100000110001100110011000110000001111010101011
01000000001100000001000000110100101000110000000000001000000000010101010011101000000101000010000110010
00001111000100000010000001001001000001100001110110010100001100110010100001000000000111000110001101010
00000000001011000000010010000001000010001000001000000000000000000110100010000000000010000000000111000
10000000010110101101010001001010000000001100100110101101000001001001000001000000100010100000001010000
10000000010010001010011101010101110000011010000111111101000101000001100100101100000001000010001000100
01000001000000100000101011001000100010000000010100000100000100000000001110111101001010000100001000100
10100000000010100000001010000010100011000000000010101001000100001100000000010000101001110011011111010
00100010101100010010101001010010111100001001111101100000110000010000001000011010011111001010000101000
10001000000100000010000110000101001001000100101100110000010001110001010001000100000000010000000110110
00001100100010100001011000001000101000110100001000110001000011000001000010000000000100101001001000000
01011000000000011010100010000101000011100100000001100000010100010000100110000100000000100111001010100
00000001110011100000010011000101000000000111010000100010101010000000001100001000100110000000001010110
01001000010110001001100000100001001001110001010101010100000000000100100010010000010010000000011101010
01000000101100101101010011110000100010110101101010000010001001000100011100001100101111000011100001100
00000000000010100101001000101001011011000010100001000001010011000010100010000001010000000100101000000
01100010000010000100110110011101000000001011110010000010000110110100100100110001010101100001000100000
10100100001000010100010000011001000110010010110010011000011000001100101000101010000110010010000010001
0000101000000110010000010100010001101100000010000010000100001111001100011100011000100000110001011100G
