S0000000110010101001011000010000101000101000000100110010000110001000011100100000100101000000000100010
00001000100010001101000000001100101000110000000011011110100010000011010101000000001000000010001100110
10010001001001000000010010000000010001000001000100000000000010000010010000000001000000010000000010001
00010101010000000010110011001011001011100010000000000001000000010111101000001001000011111001010000000
00010000010100000011101010000010000001000010110000001001000100101000000000001100000100010100000010001
01000011000101000000101001000000001000110001010100001111000101010110101001000001000110000011000001011
00110011011001000011101001100001000000101011010000100000010000001010000000001010001000000110110100000
00001100110000010001001000011111100100000010011000110000110100010001001001000010000101011000001000001
00000001000001001100101110000010100110010000110001000000010100110100000011111010000000010000010000000
00110101100001000000010000101001001001001110001100000000000000011101000000000100000001010010100100100
00000001011000000000000100001001000001100000000110001100000100101000100000100100010000110010000000100
00110100000010000111100100001000001101000111100000100000000100001001000000111000100001011100000101000
01000010100001000001000100010010100001000000110111011100110100100000000101000001000010000011011000111
11000111010100010001000001100110000010000111010000111000000010010100010010000011001000101000111000100
01000000010000000001000110000001000001000000010010001000000110100000011101000001100100000100010001000
01000100100100000000000100000000000101100000000100111010010000000000001000001000001000110101001011110
11010010010000111001110101000000000001010000010010100010001101000100010001011001000010011000001000001
00000101000000000000000000011100000001100100011000101000111001100000011100110000011011000100101010100
10010100000000100100101100000000101000010000000011100000000010000001000000000010001000001000011000000
10001000100101000000101001011000010000001101100011001000100100000011000001100100110000100110000110010
01100001001110111100000000011110000100000010100010110100000000100110000101000100000000100000000001000
00010000100100101100000010011000001000011000101100000000101000000000000100100111000000100000000000110
10000001001001000000101010101010100110010010001101000000000011100001100010100011000000000110101001000
10011001000100110110001000100001010010000000100000000000000011000101010100101101000001001110000101010
00110010100000011101000000101010010001101001101000000111101010001000100001001001001110000101010110011
10000001010100000101011000110000000101010101011101111000000000000010001000000100010010000001000000000
01010011010000100001110101000011010100000011101000000000000010010010100000000000010100000000000000000
10100000000000000000100110000000110110010100101011011001000000101000110111000110010000000001010001010
01000000000000110110000100101001000000100110101000101000110000000000110101001010011000010011000000000
00111100110000011000000000000100101010000010010010110101101000101010001001000000010000000101111011000
00000011101000100110001010001011000100000000000000001000001010011001000010100001000101110000001001100
00000100000000000001011000100110000000100110010001011001110001101001000000100000100000100000010000000
00001000010111000000001010011001100010100000011010010000000110010000000000110001001001010011100001100
00010101001000100100000000000111011010001000000110010001101100001010000001010000000111010000000000110
00011011010111100000100001011101000010011000101001000101000000010000010000000000010000100000100111000
00100101100000111000100011100101101001011000010010000001010000001110010100000010011000000100110101110
10110000000011010000010000101100000110000010100100000000000011111110001011010000001000000010101010000
01001000100000010011000111001110000100000101100001000000001001100001101001000001001010000100000101100
01000110001100000010000000010000000111001000000101101011000110000100010010001110011011010111101100010
00010000100000001001101010110000000001000001000000000010100011100011010100000000101101000101000100000
00010100000000100001010010100000000010110001111100010010000000010001010010101000110010000000101101000
11100000010010000101000000110000001010001010000110000100110010100000010010010000010110011000001100100
00000111111111000000000000000101000001000010101100011001100000010010010000000100110000100000101000000
10010101100000000001100000001001100001000000010010010011000101000000011001100011000100001011001110001
11100000010010101010101000001000000100000100000101010000101000000000100101010000100011000000000000101
00000100100101010110000100101100000010110111010000110000100000110001011000101110000010111001000100101
01110001001010010100001000000011100110010100010000100110001010000010000010010001010010001000010000000
00000000000000000000001000101001101101000100010110011000101000000000000000001000010000000100000001100
00110001010011010000110010110011000100110010000001100000000000000001001000000000111100110000100000000
01001111100000100000010000010010010000100011000001010001010000000011000000001100000110000000011010000
00010001010000000000101010100001000011001000000000100110001100011001000010001000000000100001010001110
10000101010001000010000000011000000011011000110001111000010000011110001000000000000000010101000001001
00000000110000110000001000000101000000000010101010001000000100100100101000011011010110000010011001001
01000000000000010001100000000010100001100000101001010100011100010000010011000010000010001000000000010
11000110000100000010100010011100011001001100001100000110000000000011010100100100000100010010010000000
10000000000110110000000100011100010010010000000010110001101001001000000101101000001000100010110000001
00010001001100000001011000000010001010000000000010001001000000000011010000010100000111000101110001101
10000010110100010101001101101001000100000110100000010010001000000000110100100110000101001100111000010
00010001000000000000110100101001000110001101001010100000000010111010000000001000000100000000111000011
00001000000001000010011011010010010011010011001000001111001000010000001001001000000000000000000000000
01001000000001010011000001001010000000001000001000001000000000100000000000001000100000000000011000001
01000011011010110000010101001000100100000000110100011000111110100001000100101001110010010101111000000
01010000010010010110000000111000100001100110001001011011001100010101101100000000010010010000000100010
00001000001000010010100000000000000001000000001000100010000011011010000011100001010111000010000000010
10100110000000100000001011001110011100100110111100101000100000010100110110100110001001100110000001001
10000001101010100011010111110101101010101011000101001101010010100100010000000001101000001010100100010
01100100001001000101000100101000010000000101000111000011001010010001000000000011000000010100101000001
01001101001000000000010001100000100001000000000011010001100000000110100000010000001001001110000000001
11000101110010000010101000000100011100010000100110001000011000001011000100001110111000110110110000000
00000000000010000000010000000000010000000001100001000101001000100011001000001001010000001100000001000
00000000011010010000000100001000000000001001000000010000000101101110100100000011000000000010000101011
01001001001110000010011000000000000000111000011110101001000011001110010001001000001111100000101010001
10101001000001000010000010000101111011000001001010000000000010000010000100101000011110000000100110001
00110011010000000000000100001001000001100010001011111100010000010011100000001000101011000000110000100
11000010001010100011111111011000010000000000001000000001010101010100001000000000010000001100000011100
00000001010100100010000010111001000101100011010000110000000000010001100100000000001111001001000101000
10000010000101011000111000010001100000000000001000100010101000000000010100000001000000000010101000111
11000100110000101001011000000100000101010010000111100000000100000000110001011111010001111010001000100
00100101011100000110110001101010011000001001000001001011100000110010100000010101000010110101000010110
00000000101011010010000000001000100011100110100100111011010100011001100010011110000110000000001100010
00100000010010000010101000010000001000100001001001000100110010101101010000001000000000000010001000000
10011000011000000100000100001100110110001101101010000000100100100111000000101010101000000001000001000
00011100101111000001000000001100101010001100000100000000000000010100010000000010000011110110100000000
10011001001000000000001001100000011100100001101110000001000101001100100000000001000001101000100010001
01001010010000000001001100001100100000010010000110000000010010000111011000000111011000000010101110000
00101000000000000001010001011011100001100000000001000100011010000001011000010001110011001100100011001
01110010010001001010011010000101000010010010010011011010001101111000100000000011001000100110111100110
00000011101000011001000100010000000010010000100100101100000010000101001110000100110001100011000101000
00100000010001000011000100001101000100000100010010010101010000100000010000000000110000001010000011010
00110100111100000000000100100000000011110101000001100011010001101110000000010100011000000000000010010
01110001000001000000011001000000000011001100001111000100000001001100010111010100010010100000000010001
01010001001101000000010000100100101110001100100001110000001001001010100100000010011101110000111100110
10000001000000111001000000011100000000010000010010100000010001001000000001001100000010001001100000010
11000001100000011000010001010001001000100000010010010000100100000000011000000110010001010100000000001
00011010000100100100011110000100000001100100010000101011000000100000100100101001100010010101010010110
01000000000000100000000010111011001101010010100000000010001001000010010001101001000100110010000101011
01100011101110101010000010110110010000110000010010000000000010110010011100010110110000001000101001000
00000110001100001010010010001000000000011111000100000000100001001111000100010000000000001010001001110
11010010001010001000100001010000110010100011000000000000000100111000101000000010000001000001001000100
00101000101100101100000010100110100000000001001010100000100001001001000100000001110000000000000100000
0000010110000000100000001101000100101101100000110000001111000110000001100000001000000000000000010010G
