S0000101001100100001000110100110000010101100000010001010010001100001000111000000110100100011001100001
10100010010100000101000010001010010101010010000000001001000110010101000000110001001100010010010001000
00000000011010001000000010000000100011010100000111010011011001101000001010011010000010010011001000000
10000001100100001011001000010100010001011010000001101101010000000001111011000101000010000110001000010
10000001110001000000111010010000000100000001000100001000000001101000001000000000101101011001001000100
00100010000000000100010010000100100110001010010100010010100000000101100101000000000000100001000000000
00000111001000001110001100010000000110010001100101101100101101001010000001011101010111100101000000001
00011000011000010001110000110010110000001100001001000000000000101001010010010010011000001110010000100
00011111001000011101000000001001010001010010011000100101000100010001100010000010001001100000011110111
00010001010000001000000000000000011001001101000101000000010000000000000011101101000000000100001010100
00000001010111000011101000010011110000010000000001001110100110110000010000000000001100000110000000001
00000100000101111010111000000011100010000100001110001110001100000010001000000001110101000001000010000
00110100000000000110000000010100011001010001000001100000000110010000100010000100000001110110010110100
10110010000000000010101000001001101010101000100000000100000110000100111110011011000000000000100010000
00000000000100010000000000000001100011000110100000100010010000010001101001000101000100000101000100000
01110101111000110000001000000100011100110100100110100000000000010000001100010000000000101000000011001
00000001001001000000000000100001110110001010000101011000110000011000100000010001100010000000100000010
00000000111011011000100110011001001001011011000100010100000100000101010010010001100000100100100000100
00010010100101010000001001000001000000001011111010001001100000001000000111000000100100000000000010100
00100000001100010100000100000000011111010010001101010100000001000000000000010000000011001000001100011
00000000000000100000000111011010010100100010010000110000010000011100001000011100101100010101110000100
00000110000000000111100100001000011001010000100100000001000000000000111000011000010000001010000000001
00010001000010000010100100001010001000010000100101000101100101000001010000000100010110001000110000000
10000000111001001001000100000000010110100100000000010101010101010100000101101000100000100000101010000
00010111000100010010000111001010000100001000000010001000001001010011100001000000100010100001100000100
00000000111010101000000101000010000111100010001000000000010110000010000101100010000001100010000000000
01101110001001000000100100000010000100000010000000000000101101010100000011110001000001000000011001100
10110100000000000010000101100010010000100010000000001000000010100000001000011001101010101011000010000
11110001000011101001000001010000100011001000010000000100100001001110100010110000101100100110000100010
00011000100000000000001010011000101010000000001100001110110000011000001011000010011010000001001110100
01000000101100001001111000000000000000000001010001101011000000101000001000000010010000010000001000100
01000101100010000001000000100001001001011011000100000000000111010010010000001000101000111000000100001
01000000000000000111000011011100000000001100000100000000110100001101000000000001011001010000000110110
01111000000001000001101010000110001100100001010010001001000000111001000100000000010000000101011100100
01001000000010010110000001001000000000000011000000010011100100000110101100100010110000111000001010010
00001101000110001100000000101111001101100001010110101100100100000100000000000111000000000010010100001
00110001100000000001011010010001000100000010010000000000010000100010000001110000000111000001100000101
00000000000000001010001100100110001011000110000010001101010010001010101011010000100000100000001001000
00010000100100010000000000110100011000011100011000010000000000000000001000101000000011100100001100010
01000000100000101010000101000110010100100111000100100001000100000000110100100010000000001001100000011
00000001110000101000001000010000000101000000001000000000000010111001001111101101100000000101010100100
00000000100000100000000000100011101010001010000000000000011000111000000101100101001010000001010000100
00000000000101110000100010011100011010000001001101000000000001001000000000000100000001101000010100110
10010010001101101000100110000111111100010000011100110100100100000110100110000101101110010000000100011
10100000111101100000001100000010000010100110010110001100101101101000000010001000000101000001000000000
01110000000010110000101001000001000001011100001001111001010011000010000111010100100101000000000000000
11000110001101001100001110001100011000000000001000010000001000000000000001100100000011000010001000000
00010001000010010011000010010101010100110000010001000000010100010111001011100000000101111100000011000
00000000110001110100100011000001000010010001100101000000101000001100000011000000000000001000010000001
00101000000000000010001000010100110000001000010110111001001000000000100101001110000001110000000011000
00010000001000010100100000100001000000001010000001000010001111000100000000000010000010001000001011011
10100101100000110000000100001010000100000010000100000000000100101000010001000000010100000000000000000
00100000111000100010000000010000000000000001100100010000101000000000011000100100000000000110000000010
10010001010011000101000100111011101001010010101101010001111000001000110000010000000000101011100010001
00010001110000000010000000100100100000011100001001000000001010001011000111000000110110100000011000001
00101000011000011000000001101000000100100000010111000010101000010010100100000100000010101010100000000
11001001001000100000101011010100110010001001010001010000001001101100100001000001000000100000100011100
10010000001000001000001010000001101010110001010101100111100010010000000100010010010101001100110000001
01000100001000101001000011010101000000001101011010000111000010000000000100001001000110000011000010010
01000110000000000110000000000010001101110110000000001001000110000100010101000000100001010100000000100
00000110101100000000011001000000010001010010000100000001000001101100001000001000100000101100010100010
10100001001100100001000001101100010010010000000001000001011001101000101000000000000000101000000000100
00101000000010010010000000100010000110100100000000110000010000001100010000000111001011100010101101011
10010001000001100010010000000011101010100111100110000011101101000001000000011000100001001000000001100
00110000001010100000100111111010100000000110010011100000101000110000001000000010000101000000001010000
01011000001001000110010100100000011010000100000001000000010101000001000010000001000100010010001000010
00001100001000000010011000000011101111000101000100110000001000000010010101110010000100000000011011001
01000010100010000010001100000000000001000010100001011000111000010000001000010100011010000110010101010
00111000000000001000100000000101010100001000010010000100000010000110010101010000100000100010011011100
00000000000000000000100000000100100100010000000101001100001000100000000100000010100000011001000010010
00110001001000100001010000000010001010010000010100011000001010000001100101000000000001000100010000001
01010000000000001100000100100001100001000000001000010000000000100000000010101101001010000100011000000
10010100100011101011010111001011000000001000000000100001011000000001100110100000001001100000110011000
00001000000001000010010001010100000100001011110100010000000101000100000100101101100001001001001110101
00010000010110000010001100111000010000001010100100001001110000011100011101000010011000010000001100001
10000000000101100010111000100010100000110001000000110000100000110100001001001000000000101000010010110
10101111010001000010011110110010101101010010000101010001000010000000000000100010010000000000010110001
00001100000110000010010000000000000110000101011000110010100101000000011000001100010110000011010010000
01010001011111111000110000110111001010100001010001011000000100000111010000011111101000000011101001000
00100001110000101000110100000000000000110000100100000010100000010000001010100010110101000100010001110
10000000000000001000000011010000001000100100001010100000101101101001001000000110000010010010000001001
01110010110110110110000000000011001000000001001100101010000000010000010001100000010101100100100001110
10000000001011100000000000100011011100000101101000000000000001100100001000000011010100001100100001111
10001010000100111111011001010001000000001101100000000010010000000111101000000000010010100100011000010
10011011110010101000000101000011001100000000000001001100001000000100110001001100001101100100000010000
00101000110000001100011001001000000100000100101000000010001000000100011010011001010000000100101100000
00001010010000111000001110000000101010000000000100000010011000000101110000001001101100001011110000000
00100001010011100011111000000000000010101001110010000010000000000010010001001100000111100010000011110
00010100100101100010000100000100011000111000000001000000001010011000000111000010110001100000000010010
01001001000010100000000010001111100100110100111000101010111100100001000000000101011110000010101010011
00000000110010010000000100000010000010100110000000100111001110000000011000101100000000011000100000010
00010111010011100001010001100010010100010001101001110010100001010100010010110000000100000001100001100
10100010100100010000110000100001110001100010000000010001000110011110001101010010001000000001000001000
00101011000000001110001000001110000001110000111000001011001101001000000101100001011111000000001101000
01110100011000000000100011010010000000100100000100000001000010000010100010000100110010001110101101000
00000101100000110111110100000010101110000000100010110010000101000100010011010100000000010001110010000
10111001100000000010000011000110000101001010110100011000111001000110100010001000001000110000010000000
00100110001000100001000000000001000100101000000110100000010010000000010011110000100000000110010000000
10000100010001010010001100000000100010011000000001100000011100001101011010010000000010000000100000000
00011010010000100011000001100010100100100100000010001010000010100000010110100000111011100011000000000
1101100010000011000001110000100101010011110000010011010000110000111010111000000000000001110000000000G
