S0000001100000010000000011100100000000101000101000010100000010110100011101000010001000000000000000000
10010100010000010010000000101100010110101110011010000001010110000000100001000010111000001101000000001
00100001010110110000100100001100101001001101000011011100001010000000100001000001000011101100001001000
10010000001001001000000000011000001000010010100101101101000000001000111000010010000000001000011000110
00000000100000000000110110000011100001100000000100010001000000001010100100110001000100001000010110000
00000000101000010000000000011110101001101001010100011100000000010000000010100000110000101100100010101
01010000010101101000101010001110101111000101000000000010000010111010000000010000000110001000100000001
01000010100001010001000000101000000100000000100000110110101010000100000011000101000000100001100110101
00101000000001010100001001000011000010111011010000000000010001110001011011001111000010101000001010010
10000010110100110101110001000100001000110100000100001010011000110101000001100001011001000100011100110
00010000001110001000000001001110000000000000101000100001000001010001100101001000011100100010000000000
01001010001100000010010010010100000000100101100110110100100000111000100110100000100001000011010000001
10010011000110100010001001000000010001000010111000110001001100010000011001000010011000101011010101100
01001000001110000001001011011000101100110100000000011000001001100000010001000010010000001000001001001
00000010101001100000000000100101001001000011000001000010100100001100001010000000000101010000100000100
00000000100001000000010011100110100000010000011001000100000010000011000000000100000010000100000010100
10000010110000011011110010110101011000010000001110100100000000100001001100110010110110000011010011001
11110000000010101001010011000010000110110101001010100010100100110100101011001001010001100110010010100
00000110100000001000010000011001001000000101000011000001100101000000100000010000000010010010000000000
00100000100000001001001001101010100000000011001000010110010100100010000011100100000000010000100010000
11001000001100000000100110000000010101010100010100101000001100010000000010000001110000100100010000100
00000001000000011010000010001000110010000000010100000100000100000100000101000001001000100000000001000
00100110001101001000000010100100001001100001000000001100000000100100000000101100010101011000001010100
01110010100000100101110100011000000100010010000000000001000010010101101011010011000000101000100001000
01000110010100000011100001001000000001000000110000001000000100000010011001000001010000000111101001010
00010000100001000000000001001001100001000100010000000101101100000100000000001001001001100110110000000
11001000000100000011000010001101000100010000010100000010000000010111010101000011010101000000001011010
00000000101101110110100001100000010010001001000110010100000000000011001110001110000000001111101000100
00000101010000011010100001110100000100000000010010000001100001100000010000000001110001001001010101100
00000010000110011000000010010011001000000000100110000000000000110100000000010001100100001100001011111
00000000010011101011000011000000000000001010000000000101000110100100000010111101000010000100000000000
00100000001101100000001000000000000000000000011000100101000101000110100010000001101100110001010000010
10000010101110001000000101000110111001101000010000100011000001010000010000010111011111010000010000000
01000010001010001000100000010000100100000001100100001010101010101011000001001110000000000001000110010
00100100000000100100010010010000010100000010001000101000000001011001001000000000010001011011010000100
11000100000010011010100000000100100110100100011101010111100011011001000010101000010010110001010010110
00010011100010010000000010100100010001101001000000100001001000100001110000001010100001000000110000001
00010000000001100000000000000010011011100100101000010000001010000010100110001100000110100001100100100
00100010010001001000000010000000000000001010100000011000000110000000011100011010000000100010100000010
01000001000011100001000010110111100010110001010010001100100000011001000000001011000110000110010011100
10001100100100010100000101011001000100000100001001100011000100101101001011101101001000010011010001001
00110000001110000101000101101000001111110010010110101011001001010000101001110100001001000010100100100
10010100000100000000000101100000100000010010010010010110010010000011000000000000110001010100000001011
00010001000001100101000001000010101001001010011001010000101000000010010110000100101000000100001100110
01000000000010000000100100100011101000100100001100001000000000010000101000000001001010000001100000101
00000000011100011001101011000110100000000100000000110000010001110001011101100010111100000100001010000
00010000000100001100000001000001000000100000100110010100100000101100000101010000100000001001000001000
01101111101010000010010100011001000000010000100101101100000010000001100101010000001101100011101010000
10000010001000110000011111000000001011100010010101001110000010011000000101000000101101010010010100001
00000000000100000100001100000101110001000010001010001011100011100001111110011110000000110000011000000
01010000010001001000100000001000101010010010100100010101000000010110100010001000100010010111010010110
11000000010101000000000100001001000100010110101000001001001010100101000101000000001011000000000000110
01100000010100000010001001010011010000100001010000000100001101000001100100000100011001111010010010000
00101000000100010100000001000000001010010100110000101100101010000000011000010001100100010001100001010
01000001001111000011010000011001100001011000000101000000101100001010000000100010100001010001100001000
00001000011010100010001000110010000110000000010000000010000000100101000000001011011001000001010000110
00000100110011000001001100000010101011000001001010000010100000011010010000110110110110000100011100100
00000000010000100000000000010100000010010001100100101111010001010001101000100100001010010000000000000
00001100001010010010100101010100010000011010010010000001010100010110011111000000000010001100000001000
00100000101100100111000001110100000000000010010000100100000100001011010000011100010000110000011111100
00100000010000101100010011100010001100001001000100010000100010000110000000100001000011100010001001000
10101101011000001000000010000101101101011110100010010010010011010000010000101100100011101110010000001
10011010000000011010001000000000001010110001101000100100000010110010000000000001100010001000100100010
10000000100001100001010000000010100000101100100000010000000110001000010010001110001100000100001010111
10011000000100000000001000101000000001100100011000000000000001001000010000000001101001110001000010000
11010101000101100001001010001000110101001011100000000001110011000001001000000100010000000010001001001
00000000000111000001101010111011001010100101000010101000101100000000001011000000111100000000001000010
00000000000110100110100010000011100011000000110010000100000000010010110100100000000000101001000001101
11010010001001000000010100000010000000000010110010100100101000001010000001001011000000000000000011000
00001100001000010010000000000000000100010110000101101010010000000001110000100001100100001100010000000
10001100000000000000000000000011010111010101001000000000101000010000100011100110100000100000000000100
00011010010000101010000000000010000001100001010010000101100000001010000101100011010010000000010010001
10000011001010001001100010000010011100001100000001101100101100000000000000100001101010101000000100000
01000010111010000010000000000101010000001010000010000010000001000100001011001000000010000100000011101
01000100010010000110100000010100000101000001100000011000010000000000000010000000100010000100111001100
10100000100000000001000000010001000100000000000100101010011100000010000010010101010010000010001000111
00001010000100010001000001000000000010011011100100001010000111010100010000010000100101110001000000100
10011001011000000110001111000001001011010010011110100100000000000001110110100110110001100000000000011
01001010000000011000001000110110100001000000000011001100010100000001000100000010011100000000011000001
00100000100000000000000010001000000010010000000000110000000000000000000101001000000000101100010000000
11100100000011101100110011000000000000010000100101010011000110000001110000001100100010011010100010100
00111100111101101110000100001000000001110010010100101110100000110000011110000001101010001000100000000
01000001000000000000000001100111000100000001100010100010001010000001001010000000101000111010000010100
00000010010000001100100000100010100100010000101110001001101101000001011001100000000101010000010000010
00010100110111101001100000000000000100001000010101100101000001111100001000001000100000001101101111101
00100100000001000001000000000010111100000000010010110001001000000010100100101001000011100110010111011
00010100100101100000001111100100110101000000010000000111011001010000101110000000010010001101000001100
00001001000001100000010010010010000100100000000010000010110100011010001010101000110000111010001110000
01000010001011110001000001000101001110110101001011000011001100001000000001000011110000011001100000000
00001011000100000000001000101000000010001010001000010110100000110100000000110000010001000010011101101
11000101001100100101000010001010000001000000000011100010100101101010101010110001001011100001100000001
01010100001011100000010000100100000100111010101111001100000110000000000101100001000000011000000100000
10000000100000110001001000110000001011001011001000101000000001110000000010000101011010000010110101000
00000001000100010000100010100100011100000100000000110001100000101000101100001000110110101110001001101
10011101100001000001000000000110000010000100100011000011100010000110000000000000000000010010000010000
00001010010001100000010000011000001010111100000100100000100000000000010000100101010000100000001000001
00000001001000001000001011001001001001000000010101000000101000011110001001000110000100000000000100010
00000000001000000011000001000000010110000010111000000011010100011100010010010010001000100101010101010
00100010001010010100010011000010110010100000000000001000100100100010011100000100000010111011010010010
01100000000010101110000010100110010001101100010100001010000000000000010010100110100000100101001000100
0100001100000110001100101000101001000001010000010001000010000001110000010101000011001010000001001010G
