S0010000010010000100000101000011000011010001000000001000000001101010000110101110110100000000110000101
10000100010100000100001100011010011000100000100001011011001000000010000101000010000100100001000000100
00010000000000001011110000000010010001100000100110000010001001110011000001101000000110001000110100001
00000000000000001010010110100100001000101100000001000100010001000010000000011010000000000110110000010
00101010010111001000010000111000100000100100000001100001011111100001110001101101110000011000010010001
00000000000000100100001000000010101000011010010000110000100000101000000110000001010000100010000110000
00101000001001000000110100110001100011000111001000000100000001000101010010001001101000001000010010010
10000000000000000000010110000000000000100001011100100001011101011100010100100010010110111100001101100
01000000100110010000001000000000000000100110000100000100000101100001000101010100000100000000000011000
00100000010000000010100010010001100001011011000111001001000100000001001001010010000010000100100000001
00000011010101010001010010010000000001000000001010100010011000000000010110101000000010001100010100100
00000000010000000100010000010000001011000100101110001000001010101010100001000010000001010000110000100
00111001100000100000000110100000010010010000100010000010000111000001011101011000001000000010110010001
10010001001100100000100000000001000000000001111100101100001000010101101000001110011000000010011100000
01100101000000001010000010010000000010000000000001110100100001010110011011000000000001001010110000010
01010001001110000000000101110000111000001000010000000000010100111100001010101110000011100100001000000
01110100110110000101000001000001000000100110001000000000000000101001011010010010011010000000100010011
00010000011010000000111000100101000010010011000101000000100010000001100110000010010000010001101110011
00101000101000011111100000100000101100001011000011000000011101010100101001001101110000000000110011001
00010000010000000100100011010010101101000000001101100001101001101001000000110100010001000010100011000
01100110000000001000001100000001010110010010111001001000000011100110000010100001000000110000001110110
00010111100110001000011100000100000000000011000001110110101000000011100001100001010001001000000100000
01100000000000011001010100000000001000000011110010100100101000001010111000011000000000001100011100010
00000001000010000010110000101000011000001010000110000100010010001011000011010001101001011101000101100
01000100100000110101000001001000011000011100101001001000000110000010010011010100100001100000111000010
01100011011000000000000000101101100100000000001010000101110000000111000101000000000110001000000010100
10000000001000100000111000011001000010100000000101001010110010110100101100000011011010100000101010000
01011010001101010011100000000111111101110000000001110100001000110101001100100010100000011011100010100
01000011001010000100000001000000000010000010001001001010010001011000110000000011101000101000001000010
11000001100100000100100010000000001011001001101001001000100110000100100001000111000100100110000000000
00011001000000100100001000001101000111000010100010001110000011110111100010110010000000100100100000001
00001100001100000011001011000000001100100001010001010010001000110000000010100001101000010000101001110
00100100000000010100010000000000110110011010010000110011001000000100000101100101000100001101001010110
00101011100100111000100000100100010001111000001010000000100000011000000010000000000011100010001111000
10000000110000000000001000100000001010000001000000010000111100010001111100000000010000000111001101010
01110000100000000000111110000000110010100001000000000101000000010001110011100011000011001110001000110
01000001110100000111000000000010110100000011001101000100000001010010100101101100000110000000000011000
01100000000001100000011111011011101000011000000000111110100000000000001010110000010010000000000010000
00100000010001000000001010011000010000010101110100110010100010110101000010000001010010110000110010101
00000011101010011000001100101000100000000000000000010111111111100000100000000100101101000000001000010
00000000010101001001111001000000010110000000111001000101000011000000001010001011000000110100001010001
00000011001000000001010100010110100011110001000110000000100000000101010100100110000000010001010000100
11100100000111001010000000000001000011001010010011010110001100000001101100000011110010101100010010101
00000011111001001000000000010000001000100001101010000101001100001100000011000001010101000000001000000
00001000000001000001000010101110000001101110000000001000000010011010111010000110000000000100011101000
11100000000000100110100000000001111000100110101111010011000000000101110000000001100000001000000011000
00000110001001000110000100000011001010100001101101001100001010110101000000010010010000010000000110110
00010000001100000011011000000001000001010000010010001001010010110101000011010001001110100010000010100
11010010110010010101001100010001101001000000000110110010000110100100000000000100100100001110100010000
01100001001110000111000100010000001000001000001000000001100000011001100101001001001000100101100110000
00001000010001011000001001001111000000100011010010100100001111000110000010110000110010010100001100111
10101100011010000000000000000000001001000101100000101010101100010100010100000000001010111000000001010
00011000000000001010010000000100001101000000111100010011001001000010000000001000100101011010010001010
11100000010010010001010010100011001011000000110010001110000101000010001000000010000000000000011000001
00010100000100000101000010100111010100100110000000011100100000100000001101000010101000110100001000010
00000100011000100001011010001000000010011011000001000101000000110001100001000000000001000010010110101
01100000000001001110101111000000110000000110010000100110010000010101001000010000000000010101000100000
11001010000101001010010010000101101000010100100000000000100110000011001010001010100000000111100101000
01100010010111100110000110110000110101001000100000100000000000000100000010000001100000100111010100000
10001000010010001010001000000010000000000110111010100101101010101100100011001010001000000000000100000
10110011111100010010000110100000100101001000000000000100100100000000110010010000000011010010010100011
10001100100000101100000001001000000000010001010001010100100010000010000001101000000000100101000100100
01001000000010011001000010100010110011010000111001100100110011000100001001011000010100111001000100100
00001100000001000011111000100100000011010010110110100100100000100000100001001110010011000010000000011
01110101000100010010000000010101011000000000011010000000001001000000000000001000101000001010000111110
01011000000101001010001000010001000101110010011101000001110101001000000000001111010100000001110000100
01000000010010010100000100100010100000011000000110000000101110000000010000100010001100001100101011000
11000000010010100100100010000110001100000001100000000001100000010011000100000100001001000011010000001
00000001010000010011010110110000001010010000000100000101000100101101001000100100000100011000011000000
11010000010110100100000000000110000110000010101000000110011000001000010001100001100000001000101001110
10100000000011011100010000011000000000000011010011000101001111001000101001000110011100101000000000000
01101100001001000011001010000000000010000011001010000110000001100000000010110000100010100000001000100
01000100101000100001001000100000001010001010001011011010101001000000110100110100101000000001000100010
00010100000010001000111000100101000000001010100000001010001010111011101110000101010000001011010001001
01101000000000010010010110001000010000100000000100001100111001000101101000010100000000100110001100000
00000000001000110000001000100010001001101001000100000000101001011010100010001000000001000001000001000
01000001001000000000000000011001111110000000101100000110001000100000100000000000011011001110000110000
00000100000000000000111101010000100000101110100100110000101011011100010100001000001000100000010110100
10000000101000101010000000110000010000001000010100010011010101000001000100000011000001100001010001000
00100101000001100011101001000000101011011000100111101100000110000100000000110100000010000100000110010
00001000011010000001011111000000001001100000110010000001100101100000010000000011110010110010000110000
00000100010100001000100000110000011010001000010001110000000000101000000001001110001000011100011000101
00001100000000000001101100001001000100000011001000001101000100010100100011000000000000000000110000010
11001000100000001011000000110000011001000100000100000100001010101001000001110010100011011000010001010
01001110001001001001000100001000100101000000010000010000100000011100100001100000101011000000101010100
10100100000110011010010110011000101101000110011000010000100000001011001000100100110100010000001000101
01100100110000010000001000110000001100110100000101100100101011010000110011101000110000100010101010000
10011100000100000000000000100000100000001100001000010101001000011000010101001011010011000100001010011
00110001100001001110001000010010011100010001000001100000001000110001010001100000011000110001100101110
00000000011001000000000001001100010000010101000010000000000011000001101001111100001001011100001110001
00100001001000001110000000100010101101001110010000001011010111000000100100100100011100010010000000001
01000010001011100001100000001100100000000000010001100101000000111001001001100001100001011010100000110
01101010001011011000000010100111101111100001000101010001111110110000000011011001001000000100010100000
01111000100000000000000000110101000001010001000000000101000000000001000101000000010110000100000111000
01000010000101101000001010000000110011010110100111000011000000010000000010100010101100100101000001010
00011000010001100101000000000000101010101100110000000000000010011010100000010011000010000111001000010
10000000101000000110110000000110100001000010100001100011110000110100011000000111000010100010100010110
00101100011100001100000010100010110010000010001001010111110000100010000000000000101001001010111100101
11101001000100010000101001100101000101000001100100000000011000010010011001010100000011001001000000001
10100010000001000101100001000111010000100010001000110100101110101000000100101000000011000000000000001
0001000001010001100000000111000011100100000100101101000001000100000001100000010001010100011101101110G
