S0001000011100001000000000000001000100100000100100000001000110100100000101000101000000101100010100000
00000000100101000010001110000000101010000000010011010001000010001100000010111000010010000010010101110
11000100101010000000101000010000000110001110111100000101010000000000000101000010110001110001100000000
00000011000000000001101000010000011100111000100110101100011000000100011101000101000010011000001100010
00000000100100110100001010000000011111001000101000000000101100011100000100000101110001011111000011010
00100000011000010011000100010001110000000000000001000010100100010000000000101001000110011010000000100
10111000000001010010110100010001110000000100010001111001001011001000000000010010010010000010010101100
10000010000100011110000100000011101001010100011000110000000000101000100100000101000100011010000001001
11000000001000001000000000110000000010001001000011001110010010100010011001100010011000100110000110000
00001000001110000110010100100001000101010100001101001000001000100000000100000000000011110010000011000
01000000001000100101010101000001001000010101001000110010000000000100010000101011010101000000001000010
10100000100000101010000111010000000110001010001001001010010000110000001001000001000010010010000100001
00010000000110000100100000100001001001011111001001000000101010101100000001000000000011011010010000000
11010010000010011100000000100111000001100000000000100010010010101100100000110000011101000110011001110
00101001001001010000000011001011000101100000010001000000010000100111100000001010000001001001010000000
00100000000001001010000001011010100100000000100100001100000011000010010001100001000001010000001000010
10000111001010010000110010000011000000010011000001101010100000000100000011011011000101010000000000100
01011101110000001000011001010001101010001000011100001111100000000001001100000100000000100001000101100
01010000110000001010000010000011001100000000010010100011010000001101000000010010011000000010101010000
00000011100000010010101000101000010000010000001000010000000010000000000101000110100011100100011101101
11000001100101010000100100001101001010110000000011101000011010100010011011000010011001000000000000011
00101000100000000001000000001000000000010001000110010000000100111101101000100010000011000000101110010
00000101000100001001101001010111000000000000011101110111010010101000010000000000010100100011110000010
00000010100110000100100101000000101000100100010001000010011000000000000000100100010000001000100100000
10010001110101001000001110011000000101001000001101000001100000100000000000111110100000000001011001010
01001010000000001000000001000110100010000010010000000000010001010100001000010000000110001001101100100
00010010000000100100010111011000111100100010001000000000000001000010000000100011000001000100000001000
01000000100101000111000011101100000010001111100110000000001100010010001010101001000110011010011100000
11001000000101000001000000000010010000001000110010001010000000000101000000000010111110100000000100110
01101000011100111110001001000011000000100010000100001100111100000000100011001010110000100000111100000
00000011010100101100010010000100011000100101010000000110000100010100000100000110001010000100000101000
00100000010000010000010001000000100000001001001010000100101100011110100000000001000000000001010100010
00000000001000000100000000100101001001010010000101110000001000100001001010101101000000100101011010001
00000000011001000001001100010000001010101100000110000011000110101110100100010000000001000011001000010
00000110110000010000001010000001000010010001011000000010001101110010110000101001111000010100000010110
00110101101010100000000100100000000110010000100001100010010000001001010000000010000011100000000110011
10001000000000101101100010100001011100001100100000101000100010010000001101100001100100101101100001010
01000000000000000100000010011100001010001101010000010000000010100000110000100000000011001001110110000
10000100000000011010101100101001010001110000010100100100101011101000011000000100001000000000000000010
00001000100010000101000000101011100000110001001100110111010110010100000010100110000101000010001000000
01000001001000000010001000000010101110000000000001011000001100011100100001000100000001001001000000000
11000110010000000100100111011000001100100000011100001001000101010111001110000000000111011000100000100
01100000101001001111010010000001010110000001011000100110001000110000000011000110100000000000001001111
00001011110000101000010000100100111110000000100100001000000010100001000000001001101010000001010001010
01101000010010010010010000111000000001000101000010100001010000010001011001000000000000100100100000001
00100000010000010010000100000011111101010011000000000010010100100000010101001000010010010000010000010
10101001100001110000001000001001000011010100011001000000001000000000101000001001000110000000000100010
00001000000000000000011110011010001001000100100010010101001000000000100101000110000101110000101101100
10000000100001001100000000001000000000000000011010011001000100000000100000110110011000110100010110010
10100000101000101001010010000001000101000000000000110000010001000001000001001011100001001011000110100
00100011000100000001100001010000101100011101100010001000010011000100000001100000100001010000001011010
11000000000000000100000001000101001011010010011001110010001001010100100010001001000001100001100000110
00100000010000000101101000000100000010110001010001000000001010000011100100000001100110001010010010001
00110001000001110001101010000000000110010010000011000001010110001000001010011110011001001000101100100
01001010001000010111000001010000100000000000000001010010100010100001010001000110000000000100001000011
01000010000000000010100000011101100111100010000000001010100011110001101110000000000011100011111001010
01001000100110100001001000000010001011100000100001100101010001010010000011000000000111000010100000000
10001011101101100010000010000000000000000110011000110010000000000101001100110000110101101100000001100
01011000010110000101000000100000010001001000111011001000000001000101010100011110000000010111101010100
00100000001011101100010000001001000101110010000101000001000110010000001000001000000001110000000110000
01111001100000010010100010010100101000000000100001000100000000001011100000001000001110010001001010100
10000110100000110000010010001000000000011111000010000000001000001110000000010001100010000100000001000
10000001110000011011011010101000001000101001100001011000101010011001111100000000001000010010000001000
01000010011000000000110000101000000100100001000000001000000010000000101100010010010000010010001000000
00010001000000010000000100001000000011010010010010011000101000101110000111010001000010000010001100111
00101101000010000110000110100000000100011010100000100110010000000000001000011000000010100000001000001
00000100111010001001000100000111001001110110010100000000001010110001001000000011000000111110101001100
00001100000100001010010100001011000010100001000000000000010100001100000100100001011000011001000000000
00000110000000011000000001100111101000000000000010101011000110101001100010000100000010110001010010000
10001100000000110001100111010000000001010001000101000001000001010100000001100000110001000000001000000
01000001010000001000010001110010010101001000100010010011000000011000000010001001010010000100000000011
01011000000000111100001100000000011000010100101000101000000011000101111001000010001001010111010001001
00010110101000010001000100011000100000000000110000011000000100010000110100000000001010010000011010100
00110001000000010010000100100000011111100001000001001110100000010110110000010101001110000010011000100
00001010001110011010010100101000010000101101001010001000001000000000010000001001000010000110000000000
00010100000100000011000001100010000000001100001010001000110100000111000000100100000000000000111000000
00001001100111000000000001110000001100100000010100110010001101110000011100000010000001100100001000011
00000000000010000000000000001000100100000110010001111110000000000111011001001010000011011001101001100
01000010000000101000110000111010000100000001111000001001001000001000001001001000001001110000110000110
00110000101010000000001011011100101000100001001101000100010000100000101010001000000000000000010100111
01000101000110101000001001000000000101110110010000000001010110000000000000000001000010110000010000101
10010000100010001100001001110100010100000110010100110100001001010010010010100000010100010010011100010
00000001010000100010111101100011010100000101100000000001000000000110011100010011000110000101010001010
10101000110100001001010000100000000001100000010011001100010000101100000001100010100010101111011000000
00000000001111010000000001011101001110010101110000111111001011010000000001000101001010001001001100001
00000000011001000000001010100010010000100000000100011000000000010000000000001000001111110100101001100
00001001110000001111100010001001010100001001100100000000100000100100111110011001011000001010110000010
01101000100000011100000100100000101100000000100100100101000000000100010110110000001000000001000110000
00000000000011000010101000010100100000001000001010110000101011101001100000001000101000000110011100101
00000010000000110001111000100000110001010010100000000111000101101000101100100001010000000000001000000
10000000001110100110101100111000000001000000010100010100011001000000000000011011000110010010011000001
10000010000011000100100100000100001000000001100001001000100100001000000001011011000000011100110100010
10000001010000011101101010000000010000011001100001010001000110010110000010000000001010000011010000001
01011000110011000001000000011001000001000010010000010000001011101010001000011001001000011110000000010
10110100011000100100000000010001011101010001000001010011000001000001000100001000000000000000011011101
00000000000010000000000101110100100010100011000111111000001001001110110010010011010110010001000000000
11000100011011101100000111100010101010000100000000001001000001110101101010000010000100011010010100000
00001000001001000101000011001001000100000000001100110100011100001100010001000000010000100100101000000
00001100001001010010101010000000001000110110100010000001000000101100000011010000000001000011000010000
01001001000000000010000110110000010100000000001110100010010001100000000000001000000000100101110000001
0100011000110000101111000001100000011110110010100100010000001000100001010000111011000100100000010000G
