S0001010100000100010011101000010110010100010100000000101101100010100000000000101001000010000010110000
00010101010100000001000000111101000011000001000011010000100001001010000000000100010010000000000000000
00001010000010000000100010000000010000000000010000100100110010001001000000001100000000000011110101010
00000000000000101011000101010010111001111011000111000011010010001100100000010010100101100110001000001
01010001001001010010010000000101101000001010010001101010001001101001000000101000010000100010000100001
00000001110110110000000000001000010100101000010110100001100000100000110000100010000010111100001111001
00000001111100101111000100000010101100000100010010001000000000000000001011001101010100110000010010000
00000000000010100010010001100000000000000000010010000100000000011110000100000000010111001001011001010
11000011001100000011000001001000000111100000000000001000111000101000011100101000100001100110000000011
00110011000110001000101000011000100001000100001001111010001000010000110001101010100111001100000110010
00110010010000010001001100100010010000001000001100010000100010101001000000000001001001010010010000101
00000001001001000000011001101000010001000001100000010011101000000110010001011100000010110010011000001
01000010010000000000110000000101000000000111000001011100010111110111101000001000001010001100110100001
00100101010010000000000100101101010001110110100101000000011001010101000001010100100011001000010100101
00000000000000000100110010000101000101100000111011011000000001100000111110001000000100001101010100010
11110000001000010000000001001010011001111001101011011001010000101010001010000000100001000001010010000
00000000101100100101010010000011011011001000100100000101000010001011001001000000000000000001100001000
01001000000000101011000000000010111011010111110100010000100001001100100000001001001000110010110100001
10000011010010101100000010100101101100000000001010100101000000100110100000101000011100010001011101011
10001100001000111101111100100000100100010110000100000010000010000001010011000110100000000000000010000
01110001001010010001010000111000010100000101111010001001010100000000000110010101111111010100000010100
01100111000000001100101111000000000000000110000000010000100101000000101010101000001100011100000000010
00001010010000100101001011100101101000101100000010001101011100110010010001001000101000001010101011000
00000000100000001010100000010000000001000000000010000100001001100111000000101000000101110110011000010
00100000000000000000000000100101000010000001000000010000010000011000000000000110000000010100100011001
00100010110000000000001110000101001010000111000000000100100001001000010010001000000101011001000000100
10111000000001010010010001100001100110000000100000100110010010000000100100001000111011000100100001001
00011110101100110010000011110000000000100100100000010000101000010000010000000000101011001000100000001
00100000110100000100000001000011010000000100001011110001110010000010100000000000010000010000000001000
00000010011101100100001100101101000000110001000000100001100110001001100010110000000111010000100001000
10101000000000010110000010010000000000000110010001000010000000000000000010000000001101110100000001010
01100100001010000010110000000011000000001000000000100001010101000011000000010010111100000111010100100
00000010100101010000100000000001000100000000010111000001001100100001100001001101100001000101000101100
00011100011100000010011101000101000001011011000001010001000100000110010100010000000100100111001000100
00100000111011010010000010000000000100000000000000100000001001010010000000000100011000000010001010010
01000000000001011000011000010100000000010000100100001000010010101010011011000000100000000000100010000
00000001000001111010010000000011101011000000010100011000100101101011010000000001010100000100001001110
01101011010100001000100000001001011001001101010011000000100100101001101100000001010000010010001101010
10010000000000110001001011010110001001001000010000000000000100010100001111001010001000101110100000100
00100001010001000010100001011000001100000100001000010010011000000011001000101100000010101010110001011
10110101101000101101011110001000010101011101000000011001000001001101000011010000000010011000000111010
00111001100000000101100000010101010000000100000000110011101000000000000000001110101000000000001000001
10100010111010100001111000101010111000110100000100001111101001100000010001000001100100000011001000100
01000111000010010010010010000000100011011001000100000100000000010010000001100001100000000000001100010
01101100001001110001001000010010010011000011011000001110010000111000001010100010100001100000010000001
10000000000010101010001001101010100110000100101000100001010111000011000001000011011000110001010011001
10001111100000000000101110101000100000001000000000010100000000000100100100101010101000000000001000000
01010000000110010100001100000001100010010010100000000010001000010100010110001000010001010110000001100
11000010011001000010100001011111000000000010000000000110000100101001001001110100000010000010011000110
00100110000000000010100000000010010000110001000110001000101010001101011100101000011010000001000000110
10100101001000110110010010100100000011000100011100010000010010010000000001001000000110000000011010111
10110000000010000100000010000000100000000101010001001110001111101000000000010101000010010001000000101
00000110001000000000001100000010001100100000000001100000010001010000000100011000111000000000000100100
10001011110000100000000001100000001010000000100001000110010101000001010101100001000000011011100010001
01010011000100000000000100000000010001001000001001100000000001000101000000010010101001100100101001000
00000101000101001100101000111001011000001110101000000101010110100000100001110100000101010110000000000
01010110000110110100001001001000000101010010000001101100000000111110110000001010001100010100100000100
00011000000000000010010010000100011110000010000000000010000100011000101100001010110110001000001000000
01100011100101001110100110100010010001000101011111000000000011100100110001100110010000000000001100000
00000000010000000010001011010010010001001000001010001110000000000000111000000000001100100001010101000
00010000000000000101001101000100000000100111100000001000010000101010001111010100001111000101100000010
00000000000000000000001100000100001001000001000001000101110001010000100000000000000001110001001111101
00000000000111000000110011110000101110100000101001110100101010000000100001000100001000000010100000000
10000010100010001100000001101000000001100100101011010100100001010100000010001100000000101100001001000
00110000010000010100000000110000000010110101100000000000000000001011011101000111000010000000000011001
00110001000010010100010010000100001010111010001100100001010010000000010100010000100100101100100011000
00011100010100000110001010010000001100001100000101100000000001001100100100010000011010000000000000100
00010000001010100011000000000000000000001000001100000000011001101000000110001000000010000011101001010
10011000000101000010000010000001000000000000101001100110000000010001010100000000001100001101000000000
01000000001011000000011001001100000100010010001001101001100000000001110000100000000000101000010110110
00000001011010100000001000100111000011000111011001001010000001000101001111000010010001001101000000011
00000000100000001100100100101010010000100000010000010001001010100101010010000000000110001101001000000
01000010001011000101001000000010001100000011001000000100110010000001000000101000010001011000100010101
00010000000010010001000101000010110110010110101000111100001001011000001100110000100001001000000000000
01000110010010001000010110010001110000111011100010001000110000010101000010100001001001000000010000111
10000000001001000011111000101000000010100000100011100110000110000010000000001000100000101001000001100
00111010111000100000000101100001000100000000110010000101100010110001000001110000001010001111111010010
00010001000010011110100000110001001100011011000010010000100001000000001000010000001101000100001000000
00101010100010100001110000000000100110001011000011001000100001000010100000010000110001111101000100001
11000011010000100001001100100001001000111000000000011001011001000000000011101000001000011101011000010
10001010001110000001000110000100100000010101110000100010010001000010000100010001011001001110000001101
01000010000001100100000011001001010100000011101000000000000000100100101000100110100000101000111100000
01000000001000000110000000011010010000001111010100001000000000001001110001000100100000000010000001001
00000001000001000010010001000000010000001010011001000001010100010001000010101000101101001110011000000
10001100001001011000011101000010010010001010101010111110000011001000010100100001000001100101000000000
10001001000001100000000010010010110011000010010000110000110010001001100001000110100001010100100000000
00100000010010111010101100100001000010001011000110100111101100000110110001010100000110000000000001100
00100101101000000011110000101100000101001101000010010010000110011001000110010110011100000001000001000
01000001000000001001011100000000011100010000100111000101100001101111000101100000101010000011101000000
00010000010000100000101010010000000101010010010101010110010100010001001011100101101100001101011000000
00000010000100001000010001000000001010100001110011000100001000001000001111000100010000000100010100110
00000110000100001110011010100000011001000000100101000000110000110101000001110101001001001100110011000
01010000000100001100000001000110001000000010010101010000101000000100000100001000010001000000100100100
00000010100000001000001001000000000000000101000000101000001000011000010000000000110000110010000001100
10100000001010000000000000100000000011011000000011000010001100001000001000011101001100000000100011111
10000001011100010001001010001010010000000110100110110001001000000000000010100101010001100000011011000
01100101000000101011010010000000100001100000110100000010101001110000000110011000101001110100000101000
00000000000000110001000000010101101100000010110000011001000110011100010110001010001000010000000100100
01000110010110110100010000100001101000001100110000000000101100000001100000000001010000010010000000000
00001101001010100000010010100000000100010011100110000001000000000001010001000101000001000000000000000
0100000000100101100110000000100000100110000100010100010101100101000100100100000000100100000001000010G
