S1001001010011000100011000001000110100001100000011010000011010100001111000000010000000101100011010000
01001000100010000000000001000000000010011000010001001100100100000000101000001010000000000010001001000
00010000010010000000001000111101011010010010100111000001000000100110000110100110110000000010110011010
00000000001000010000010010110000100001001000000000100001010001110000100000010001001000000100110010100
10001000001110001010000100011100011010001000000010001000000100001011111101000000110000000110100110010
10000000101010001101100000100001001001011010001100101010000101000110010110001100000011000100000101000
10101011010001110100000011111000100011100010100100000011000000010000101011100001010100101100000110000
00000000100101000100000010000000100101001000010010100010000101001000001001100010100000110000001000001
00000000010001000101001100110010110010100110000001100000001011100010001000000010000000100111001101100
00001001110010000100100000001000000000000000110000110011001100101110000100001100000101011000001000000
00111001100011000010001011000001000100010000000000000100000001010000000000100110000000100000010000000
00001100000000100100100001001000100000110101101101010101000010010100001000100000001001000100010111100
00100000010001001011011110000100110100001010100110110001100000101000010111100001100000110001100001000
11100000110011010100100100100000100000000000001010001100000011000000000001000111101001001000011000001
00110110100000110100110100000101000111100100011000000000000000101010000000010010011010000001010000110
10110110010100010011010010101000000101000000100000000001010110000010111100010010111101001100101101001
00000000000010101001010000001010010001001010010010010000101100000011101101110000000111011100000100000
11010101000001000100000000000110010010100000111011000110000000000100001000000111101010100010100100000
10100010100010010000100000100001000100000100001010010101100000100100000011100000101000010010001000000
00010001000000010101100101000001110001100001001010000100111000000000100000000000000101000000000101000
00000000000000001001011001000001001100100001001000111000101100000010000000010111010001100000000000000
00000001100000000100010100100100001010110101001110000000000101100000100000100100000101000001000000001
00001111001001100110001100110001100100011100000000010000010000000100011001001100101010011001001100100
10000100000010110100000100100000000000010010111100110000000100000001000000010010001000010110110011010
10100110010101011010100010010000011000010100010010100100011010110010010000110001000100000010000000100
00100000001000000000100101000000010100000000000000100100000111001110000010001000000000011001001010000
00001001001000100010001000001100010000101000110101100000100000001000000100001010000010110101000001111
00010010100010011001000101010100000101000000101011110110011000000001010000000000111000100100000000001
10100110000010010100011100000111110000010010010000000010000010100000100010100011011010001011100100110
00010100011101110010010000000001000111001011000001000011000100000001001101000001000110000001000000000
01000000011010110110001001001001001101000101010000100000000100000000011000001000010000000110100000110
01000010000000000000100001000000100101101001100001000001101100001000100100010001000000000100011000100
00011010000000000010000001100100010100000100000000001100001101001010101110000111100010000110010000000
01100101110000000001000010110000101100001000010111101000000110000000101011000000101000100101001101010
01010000100100010001000000000011010001100100000001000000000010001110010001000000000111000001000110100
11000000111001000000000101011001000011010001000000001010000011010100000000001001000111000100110000110
01001111000000001101100010101101110101010100111010000101000100000001010010100001000000000000101000010
01000101010110010101000101010000110010010000000000101010000000010000001000000000011000110010010010000
01100000000101000100000010000000110110001010000000000110110000101001110001100101101000010110000000000
10001000001000000001100000000001101100100000000000011001010011100101000000010100000000001010111000000
00010010011000000000010000001010001001010000101000001010100000000100000000000000110101000000110001010
01100000001101000010000010110010000111010000100011010100010100010100001001010000101000000010100001000
10001001010000000000000000000000000000100000101001101010010111000000111000100100000100000010111001000
01000001110110101010000001010000000110001000101101000001000111101100100011100000001000000100100010000
00110001000000000100000010011010000100010000010010111100000010000000100101000010000110010010000001000
01010100010000110000000100010000100000110010000000100000100000000010100000010000100010001000000000011
10000101011100000010010001000000001000011000001010010100000111011100001000000100100001000010111000001
00010100010000000010101100010000000110011100000111001001001010001010000100101000110110001010110000100
10100001110001000100011010110100100000000100011000100011001000000110000001001001001000110000000000100
01001100001000000001000001101100000000000011100110010110000000010111010100000001110101000000100001000
00001000110111010010000100000100010100001001110000000010010000010001000000101000010000100010000000011
00010000100010101011001100100001110000010000001101000010110000100000000000000000001001100000110100010
01001001000000001101010010000101000001101011111000000000010000000100000000000100010100000111000001000
00110001000001100101001001010010100000001101000000101001010001110110011101101011101011100001110000110
00001010001010010001100100011100010000001001011001101100001010010101010100100001000010001010011100000
00000001000000000100000000010000011000110101011000000000011001000001000011000100000001010001100000100
11001011100100100000011001010000101110000000010000000000011001000010000010010100010100001100100010010
00001000000110100001000000000100010000000100000100000000001011000000111000000000011011000000000011001
11100000110001010100101010101000100010111110110011011000111000001010000100010000000011110010111001000
00000000000000000000001001001011000010110000000000001001000110110100000101010000001001000000100010000
01000000000100110011000010000001100000010000000001010010001010100000010000010100010101111000001000000
01011000100010010000000000111110100110001011100000001100100101001110001000011000100111010001010010001
00000000100000100001000001000000000000010000010000000101000001101000000011100011000110100000100001000
11111101000100010000010100010000100100100010000100000100100010001010001100101000010010110100000100001
10001010000010111000010000000100110000010000100000100001000001000100100000101001100000010100100000011
00111101110010000111001000000010000000101100010100101010100010000101000001000100000100011010010000011
00000100000000010010000010010100001000011001001010000101100000000001000000101000100011010110001001010
00100000001001001001001000010000000010000001011100001100111101010110011100010100000000001100011111011
01110000011100101000000000001111110010011000000100100010100000000000001000001101010100000000000111000
01010110000100000000011100011100000000110010000100101000101000000000110000101000000000000000110000001
10000000010100000000101011000101000010000000001101001001010001000111111100001000011100000001000100000
00010011100000011000010001000000011000001011000100000010001000101100000100000000000011010011000010011
00001001100100000000100111001000001110011111000010100000000000010000000010100011010001100110101010000
11010010010100001100110000100000000100101100100001000110010000000010001000000010000010010000000001100
10011100101110001000010000000000010110101000000010000101010000101001101010111001100011000110110001100
00000110100001000101000001000110000001000011000001000000101110001110000010001001000110000010010110101
01001010001110110010000110010110000101000100001000100100001000001000101000000000001100100000000000001
10001011001010001000000001001011000010111010101000110000100000101000000010001001010100100000100001000
01011000001011100100000101001000010100100010100100010100001000000000100110101110000010110000110110101
10011101001001100001100101000100011110001000000000010000010000110000000110000000000011010001000001000
00101000000000000000001000011000101001000010011000100001000000000110000000011000000011100011001110001
10100010000011011100011100001000100100100110100000000000000011110000011100100100011110010000101011001
00101011010011110000001000100011010100101000111001000000010010001001000101000111111010000000000001111
10110000000000010000001001001000100100100000001101011110011000000010100100001000000111100110001000000
00010100000010100001000000100111000000110101011010001001000000000110001100000100100100001111000011000
00011010001000101000101001000000111010110010100000001101101000010110000101000010100000000000110000010
10000100011000101000010010000001100000010001111000100010000001011001000100101010001010001110000010100
00000000100000001100000000011000101000010000000011011100000011100010000010110000000000010000000000000
01000000000111000100001100000100100110010100000110101010001000101100000110001010011100111010000110110
00101010001001010100000001001101010100100100010000101010110100010010101100011011110100000010001010010
00001010001010010010000010100001000010011011000000110100011000001000000110000000010000010001001110000
00010011100000000100001000010000110001001000100100000001100000001110010110000010100010001110010100000
10000000000000010011000000001100101000010010001000000010000000010011000000100000110110010001110000110
10011011010000010000001000110011011000001000010101010101010000101001001000010011101001111100110000010
00010100000100000010000001001100010000000110001101001000010100001000000011001010000011101001010010000
10001100111101000111000000000100011000000000001100000000110001000001000110000010101110001110010100101
01001000011100000100000000110100100001001010000010000000000000100100000100010011001010000001010001001
00000001100101000100010010000111000110111100111000100101001001000101011000000000010001010001100010000
00100000000011100110100000001110110110000000100000010010010000101001111000000110000011000010100100000
10101000001100000000000000100000001011000000010010000000110111011010000001010000100000001100100100000
0010011010011001000110010101000010001100010011000000010010100110000001110000000101000010100000110011G
