S0100000000000001000001011000000000011110100100100000100000100000000000001101100001100110010000000110
00010100001010101101100100001100101000100000100010001011011110101001101001010100010000101100001000101
01100000011001100110100010110000100100010000010010100000100010010010010000000110001100000001000111101
00001001100000011000010011101100000100110100101010010110001001001001000000011010100110010110000111000
11000000000001000010001000110000000100101010110101001010100001100101000000101010010000110000001000000
00100001001101001100011010010010111001000100000000000010100000100000010000010000001111000100000100101
00011100000100111100001000000010010100000111011001100000010100011100110111000100000001100110000100000
00110100010010100100001100010000000010011010000010001000001100000000010010001001100011010110011011100
10001001000000100010111000000000011001001000000000000001110001000000100001001010101101101100010101101
00010001000001001001000110110000001001000001010001011101100000111000001001001001000000010000010111000
10010100100100000001011000101011011000101100101111001001010000101101000000110011000001001110110010000
00000100000100111100010010110010000100010000000000000100010000010000010001100101001000000000010001001
01001001010000010101001001110100000011001000010001101000000000010001011011000101000010100010001100100
11100110001010011000010000101000101000000000110000000000000001001001000000100011010100000101000011000
00101010100001001101101000001110010000110100011101011100010010001000001011000010000000000000000100000
11001101000001101100111011000110101000010010000010001000000000001000100000010010000000011000111011010
00100000010010010000000100000000111110001100011101011011010011110100011000000010000011011001000010001
01011001100001010010000001000010100011001100000010010001001010000000000111101110000001100000000100100
10100000001100001000110110100000000001010100100000001000101011000100001000101101110010000000000010100
11001100000010001100101000001011010100100000101101010000000111001000100010000011001101010000011001100
00000001100001100010010010001010000010010010011000010110100000010111100100111010001001000100000001100
01001010100000100000011010101000000010000010000000111000110101100010000000000001000001011001000010000
01100010000011000100100000000001101000000000010110000100110000000100110000101001000000001001001111000
00000001000101110000000001000000010100000000010001010010110100110011100000100000010001101000001101100
00001010001100001110110000110000001001001001000111010100100000110001000000101101011001101110001100001
10000001100001000000110000011000000100101000011001001000001010000000001101000000110000001100001111000
00100100001001001000010000100010000000000010010000100111000100001000000000000010000110000110010100001
10000101000110000000001010100001000010000010100100001000010000001001000101010100000001100011110000110
00100011000101011011010000010110100000010001010000111001000100110101111100000110011010000000001101101
00010001001000000100001101100000001100000010100010000101001100000000100000001110010011110000010010000
00000110001100110100001010000001110000010110000001100011000110010001010001001000001001010000010100000
00000010010001001100000010101001011000010101000000000100000101000100100101101101011110010001011000000
00011100100010000010000000001010010000010000010011111101101010000010011000000010000000001001000010010
00000000111001000010000000000000010101010000100110110011010000011010100110001001101001000000000000110
01010110001111000100000010000001010010111000100011000110000011101001000010001101110001111000000000101
00101100011101010000110100000000101110100100000000000110000011010000001100000100001111001001001111010
00000100101000000101011000110001010100010000101001000010100001110000000100001110011000000100101010010
00000011000001010001010110010000100010001010000101010000010110010110001000100001000001100010100101000
10100000000010010000001011000000010000010101001000101101000000010110000010000001010110000000101100110
00100110000000100100000100001100100000101100000110001000000101001001000001100001100001001011000100100
10011100011001000101000000101000100010110000010000000100001010000001001001000100101001011011001000000
00000010001000100000100000001000000101011011011011101000001100010010010000000110100001001000000001000
11100000000101001100000000100000010000100100000001001011000001010000000111010100001010010001001110000
00001010000100010001100011100100110000010010000001000001000001100000000001000010001001000000000000001
10001001000100100000011000001001000001001000011011000000001011101001100001010001001001010110100111000
10001000011011100000101000000000000011100100010111001011101100100000001001000011000100010000100001010
00001000100100111100001100001010001010001110100000101000010001010000000010000001001000110001000000000
01001010000000010000000001100010110110000000000010000000011000000100000010000000101000101011010010000
00100000000010000000100000100000100100011000000010010000101001001110000010000100001100001110010000001
01110000101110000000001000110110000001001000011000001100110101000000000010010101010001110100001010101
00100000010011000011010010010110001011010010110110010101001100100000000000000000010000001000101000010
00001010011000101000100101100000000000010001011000010000101000000010000001000101000100001010101000010
10001001101110100000000100010010000001100000100110100000010000001010000101101000100000011101000101011
00101100010000110000000100001110011010000101000000000110000000100111000101111000000011100100000110000
00010110000001000000100100111110101101000110001000101000010000001001110000010010000101010010000010101
01000000001010000011000011100010110010000111101000000100000001010001011000101100000010000000100000110
01100111001100101110000101000000000000000110011010000100100000000100010011001100000000010001000000001
00000000001100010001000001010010101100100100111000000110011100000000101010011001000010110100001101000
00000101100010000101100100111010011000001000100111111001010001000010100001000001001000010000000010000
00010010100111010000101010001100010000000001101110000010000000000000001000000000000001010100000001001
01000111100001000000000000011011100011100101100100010010000001000010010100001100001011001000001000110
10000000000101000010000000000001001110011000000101000000010000010000001011000010100000100000000010001
00110100100110100100001000000100001010001000010100000000011000001000100000000100100000101000110111000
00000000000000000100100000001001100000010000000000010000100000101001011000000101100000110001110001000
11000010100000010001000011010000001001110100000000000011100000000010000000010001110000000001010100010
00110001101000110100011100010000000010010101100100001101000001010101000010010100001000001000000001010
01100001101010100001000000000000000101000000100010001011110101001100100100000000100010001001110000010
00000010000101010010100000110110100000011000000100001000000000000000111001000001101101110010100100110
00000000000000001100000010000000101100010110000110000000001001010111011000100000101010110000001000000
00000100001001010001000000000000000000010010010010000101000000000100000000000110001001000001001010000
11100100001111001010000000000111000000000000100000010100000001000110100010011100001001000000000010001
01000110000010000100000110000101100000000000100010100000010100000000000000100000001010100001000000000
00000011000000011000000001000010001000001000100111000011010000100000000000100000111100001010010110100
01110001100010001101000001100001000000010010010000001100101011000001010001001000010100100001000010010
00011010000000011101000011000001011110110101000101000000000101111000000010000010110100000101111001010
00000101010000000001101001001001000010010000000000001010111000001010011100010100000111011000100000011
00001110000000110111110000000001110001000110001000100000101001010001010010000010000000010110001001000
01110000110110100010000000110110001100000000000000111110111110010111000101111010100000100000000000000
10000110000100000010010000000100100010000110010000100010000000000010100001001000001000101101100000110
00100100000010110010000001000101000001000011000010011000000010001100001101011100010000001100010010001
00000110000000011010000000000100000000001101000111000001110011100001100000001100000100111000011000000
10100010101000010011001000000110100111000100110001000000011000000101100001001010001001101001000000101
00010000010001110010000010010011100000000001000110000010000110011010000000000110000001000010101010000
10010000100000000000010001001010000010010011101000010000110000011101000010010010010100001001000000100
10011001000100010010010010000100001010000000000001000000100011000001010000101000000100000001010100000
00011000001010110000000000000110000110000110100101000010011100001000101000000001000100100000010010100
10001001110111000001000101011000001000110000011000001010111000001100010101110101000110000001001100000
10011010000100010001000000100001011000010001000111100001100001011010000101001000001010001110010010010
10000101000000000000000110101100000100100100001000001011101100000000010100000010001000000101000001100
00000101000000100101011001010000100000100001100000001000010011110100001100010000100000100000001000100
00101000101000100000000000100000100000000001100100000010000101100001010100000010000000110100001000001
00000000001000110000100000000011010010000001101001000000000000001001100000101010010000110000000100000
00111100100110000010000111010000001000000000000010000000000110101010000101000101111001010000000000010
10010000100000001000010101110000010100000100001101010100100101110010000000000001000000001000010000010
01010101100010001001110010001000000000101101010100000111001000000010000000100011101100100100110111001
00001000000011000001100100000111101000000000000000000100000010000000101000101001010011000100001000000
01000000000001000110000011101010000000100000100010000000000001000100100000010000000010000101100100001
01110100010110010000000100010000100001010010011000010000000010001000001100100001000000110010000100111
00101100010100001000010100001010001000100010100000001000000000000010000000100100110101001010000110000
00000100011000010000000110000111111000000000100001000000010101110010100101101100010110001010011001100
0011100001000001011100001000000001010100011101000110000010000110100000101000001010001100000000011000G
