S1100000000000000000001011100000010000101001101000000001110001100010000110011101000110000000000100100
00010000000000000000010000001000001000100010101001010100100001111001101010100000101000011100100010000
00001000000000000000001011010111101110000101100101001100100000000000011000110010101010100100010000100
00010100000000000000001100010001000000001010000000000000100000111010000110000011011000000001000001111
00001000000000000000010101100000110001000101110000010100001001001000000100011101000111100100000100101
00000100000000000110101001010000100000000110011010000000010010101100011000000101101000001000100000000
00001100000000001011001100101001001000110100110100100000000100010001110010000001010000100000000001000
01100010000111111101100111000110010011000010000010011110100100000011100000000001100000010000110010000
00101001001000001001000010001110001011001000000000010000001011000010100100100001011101010000100001011
11000110001000100110000001000000001010010010000001100000001000001000001000001100011110010011001000000
00011010110000010000100000100100000110100111000000001110110110011000101000110010100000000010001110000
10000001011010000100000011010110100110100000001110010000100011000000000000000000000001000010001000000
00011110000010000000000001101000011000000000101010101000010000010000011000000001011011010111000100011
00010000010011101100000001010000011100001001111000011100000010000000001000100010000000001000000000000
10110011110011010100010010100000000001010000010000001100010000000100001100000000110000000010000011011
10000000001000000000000110010000100101110010011100000000000000010001000100001000010011001001000100000
10011100001111000110000100001011000000000010101010000010001000001000010110000000000100000101100000100
10000000000010001011000000000000001001010100001001000010100000110011000111000100000110110000111011110
01011101000000110011000001101001010000010101000100101000000010110000011000000000001100000000010101000
01000110000001000000000010001010000011000000000010110011001000001010100000100001000010000010100110000
01000000001000011000000010001100100000000000100001000111101000000010100111000010010000010001000111010
01000100101001011110001000000100000100000110000000000100000001101001110010000110111001000001001000000
10101000000101100000001010000100000000010010000010010110000100010100001101000010000100100000000010001
00000011000000000000000000100000010000000010101000110111000000100100000000000110001000000101000000011
11010010100000001101010111000011100000000011110000001100100000000101010011010010000000011110001100110
01100000000100111100110010000000000100100110011000010100100000101011010000000100000000000000000001001
10000110010000100000000000110000000000000101101100000000000011100111000001110110001001111010000000010
00000000000110100110110100000100010000000000001000100110110000000000001000100000010000001000101001101
10110100001001100010100000110011001000010100000100000001000100110000100010010101100000110110010101110
11101001110000111000000110000110100100010000001001001000000000000000001110010000001101001000000001000
00001000001000001010100000100101000001011000000001100001001011101001001101000000110000010111011000001
01100000010000100000010000001100000000000010111100011100001100000011011101101000010101000000100111000
00001000100000000100010000010000000010110011000110001110011001000110000001100100000110010100001010100
10010101011101000000000000000011000100000100000100010100100110110000100000101001000000010000110000000
00001000110101001100000110010000010000100000001010000000000110001001001000000010000011010100000010010
01110011001000001010110101001110001000100110000001000010100001010001010000100101000001100000100001100
00011000011101100101100000100001000100001000000000101001000001001010000001000000000011100011110000000
01101010000110000000100000001011000010010110110000100100100001000110011001010100010110000000000000000
01000000000000000010010000001011010001000100101000010001000010000000000000010100000001001111101001010
01010011011010001100100010100010100000100000110000010101000000100000001000100001100000001000000101010
00101000001000100110001101011000011000100001101000001100001001010101100000000100110001001010010011000
00110101011000010100000000001001100010011100010000000100000000000100000001000000000000010100000001000
00000000110000000000110001100000011100000001101110000000001111001000100000000010110000000001100110110
01000000010110111100001000000001000011000100010000000001011000000101001000000000001010100000010000001
01001010110000000010100001100000001010100100000000000101000101011011101100000000010000100000000001100
00100101001000001000001110000100010000101010010001000001101001001010101100111011010011011100100100000
01000001000000000010010000010010001000000001010010001000110000001001001001010000111010110000110000100
01100000010101110000010000000000010000000001000010000100100010000100000000001000100000100000011011000
10100010100010001101011101010000000001000001100001000000010000000011100100000010000000000000101000000
01100011000000001001101100100001011001100000100000100111001100000010000000011110101100000001010001100
00000000000001011100011000001000000011101000000010001010001000001001101000010010001001010000001000000
01010000101010000011010101001001100011001011101011000010011100011100001001001010000000011000100100010
00000000000000100010100001101011110000001001101010100000001000010000010000000000111010100001011010000
00001000000000101001000000110010101100010001000001010011100000001000010000001000001010100100001100100
01010011001110001001001111001000001000100000000001000101000001101000000100010000010110000011010111000
10001110100010000001011110000001101010010100100001000010101110001100100001000010001000100000001001001
00000000000100110101010000000011000100010000010010100001101001000001000100011100000100110110111001110
01000000010101101001001000000001000010001001001001111010100010001010001000100000000100110000001000011
10001110010011000001001011110110011001000010000100000010000101100111101000100101001000101111011101110
01000101000001001110010100010001001110101000000100100001000001000001101000110100000001001000001000010
00100010100000010100110001000001000111000101110010010010100000001010000010000010001100011101100010000
10010011110000000000000001000000000100111011001110101001000100010100011010110001010001010011010101100
11011001000000100001110101100010000100110000100101010101000000000100000000001001010011000010011001010
00000000010001001000101000010001001100000100011000000011001000000001010000000100100011011100011001101
10000000001011011001010000000001000000000000010010100000010001100010000111001001000100001000010010000
00001010101100000100000001101010001100000000100010000100010001011000100010001000000001100000100000010
00010000100010000110100011000101000001000000000110000110110001100000001010000010110100010010110001100
10101010000010010000100000000000101000110100011001000000000001010000110010001000000000000000110000001
00000101001110001000001010001101101010000110000000000010101010100001000000000111000000000001001000000
00110000101000000000000010000000000110000011110000000010011010110000000000000010000110011000100111000
01000001010001000011000101001101001000011010011100011000100101011000100010001101010010000000111000010
00001000000100100000101000101000100110101101001100000101000000000100101001000001100000001000110000000
00010000100101001000010001001000111110010010011100100001100001000000011000111010001110000101001100000
00000011100000000000000000010010001000010001000000000010010000100000000101000100000100010010100000110
00000110001000000000001100000000000100010001110001000001001100010000001001010000101100000000100100001
00110011110000110100100100000000100001101110101000100010000000000010101001010011000000001001000001010
00000010110101001011000000111011000000110000000100101111010100100111011000100100000001100111000100101
11000100001110100100000000011010100101111010000100010001110010100000000110101101001100100100000010101
10000010001001010000101111010001011000100001010001100100000100010010000110100001010000010110000010000
00100000100101010101011010011110001011101010100000011010000000010110010000101101000000011000010111000
00010010010001101010000011001000111010100101010000010101101001011000000000000001000010000001000001010
00000000101100011000000000000000110110000010100011010010001100100010010001100010010001110010010110001
00000001101010010000110001101010000100011000000110010001000000111000000010101000010001000100000100101
10010001000000011010100000000000000011010000101010010001010010100010000100100100100011100000000011000
01010010100000100001001000010000110110000010110101010000100011100000000110010010101000101110101011010
00000000010010000010011011001000000101101010110000010000101001000000010000010000000010000001001101110
00000010001000001010001000110000010000001110001000100000010100110010100100000000101101100010110010011
10001000000000010101001100000000000010100001100000011100101000000000110101001000001101000000001000101
10100010100100111001001011000001010100000000010000000010100100100000010001100011110000100000000000100
01101101001000000000011001000000001010010011001001100011101001011010000010010000010011000110000000110
00100000000000000010010100000110010000000100101000010110010001110100011010000010100000111001000000100
00100010010000011001000010101010000011001010010110001100000010001101101001110000001101001001100100001
00100110000010010000100000000100100010000100011100101000000111010010001110000001100100110101000010111
01001011001000100000100010010000100000110000000000010001001000011000001001000000111100110101010010110
01000100000011001010100100100000100000100100110111011100011000100101110000010101001000000010000010100
11000000111101101001110000100000000010000010000000010100011011000010001100000000100010010000000001100
10000000001001000000000000110101000001000110100010010000000010011000000010000000000000000000000000000
00111000011001110010000010001110001000010000000100000111000100101010001001001011100000000101100000000
00000001011110011000010000100010110000010000100001110000110101010000100001010000100000101000010001000
00001000100010010101100001000001010000100000000100110100000001000010000000000000100111001110010101110
0001000000000000110101010001000101011100101010000110000100110000001000011100011010100101001000000110G
