S1110000001110011110100100110101000011000110010001001010000010010100001000000011100011000011010000000
00000100110000000011001010010101011000010001100010000011000100100001100000111100111000001101010000010
01010000001100010001000001001100100000000000001000001100010110000100000001011000000000000001000100000
10000000000110100101101000000001000111100001000011101010010100000001000000100000000000100010100000000
01010000001010110000000000101000001100000001111100100000000010100000100000100110000101100000100010110
10100010111001000000000000010000100000000100010010001100110011110010000001011001010111001101110000100
00110000010101000001100000001000001010001000100100000001001000000101001011110010110000000000000111001
00001000001000001010010010011000100100011011100100000001001001000000001000001101010000111011000011000
01000000010011010000010100010000001010001000000010011101100010000001000111000000010000100101011000100
00100010000010010011111000010000100100000001010000100011001110000100011000000010000000101010110011011
00000011100110100000000000000100000001000000011001100000010001010010000101000100000100000100100001000
10010100001101110001101100111000001110000101001010100010011010110100100010010000100011000001001110100
00101000101100000011101000011000001000110010110110100101000010001000100111011100010011100001010110100
01100000010000110010000000010000001001000011010001010000000010110000100000000001000001101001010000011
00100100000011000001001000000101101010011001010000000000101100010110000010110011010110000000010101000
10011010011010000011000000100010100011111010000000000100100100010000000001110000001001001100010000000
00010001000111010110010000101100000001101110001000100001001110010100101001101110000010101010010010101
00111110101000110110100010000100100000000010100110000001001001101010000110000000000001100001001100010
10000001010000011000010110001000001100100111000010000010011100000000010000110110110011000000000011000
00100100111000110000101010101010100000001000000010000110001101100011000000000011000010100001101000011
01000001000100000000100110000011000000100010100000101101000011000111010010011010100000010000111001011
10101001001000000000110000011100101101000011011110001000000001010000110001001010100010011110100100000
00011000110001100100110000110000100110000100000011100000000010100011000000010101000011100000100100000
01001000000010000010000011000000011000010000001000010010000000001100010101000000000100000000100000100
10000010010000101001000001111010101000111000000100011000010100000000000100100001000000110010110001001
11100000010010000000000000010000000000000001110001000100100011000000000000100110110101110001100011011
00101100001000000010001010001011101000101001010100001000010100011010000000110011010000000111000100010
00000000000001000010100001000100000101010110000000011110001100110001000100000110001010000100110010100
00110001000010000010000010100001010100001001011010000010000000010000000000000011000100100000100001000
00001001100000011001000101100000100010000000010001001110110100000010000111010000100000000010101000101
00001001010000000100101100100000010010100110000000000100000110101100000000100001001101100100100001000
00000110000101000000101010010000001001010000101001001000011000000000110011001010101001000001110010010
00011100010010111000100100000100011100100101101101000001100100000000000010101001010101001100010010000
01100101000010010110111000101000110001011011001100000010101100111010100000110100100001010000000001001
01000000000000101010000000010101011100000010010101000100000011010000000000000000110100000101000111000
00111000100001010101001100001010000010101000010100110000100010001000100000000101001001100000101000100
00000000010100001100000100000010111001001000000000001000000000001010111001000010000000100100010001000
10001000001010010000100000100101001000001110001000011000000101000001010011000100110000000000000010000
00010000000000011001100000001001001110000000010001010001111000000001000100000000010000001000010100000
01000010100011010001011000010010000000011010000000100000011100100011010001010100100100100111100010001
00000000100000010010100001001101000001000010111010110001000000000001100100010010000101101001000000110
10000000000000011000100000011010000001111100110010000000001000101010000101000010101001000000010000000
01000001010000000000000001101000010100001010001001000100010011101011100001000010010000000000010101111
01010010100001100000010101110000000111000101001000000110111100000000010000001000000000100001010000100
10000100001000010001010100011101111000000000011010110000010011001000101000000001011000000101001100000
01001000000101101001110010000000000011110000110000110100010000010000000000001011110000111000001110000
10000001100101000000100011010000000100000100001001001000001000110001010001010010000110110001001010110
10000001100100110100100010000000000110110000000001010001011000000001001110100100100100100100000001101
01011010010000110000000000000100001010000000100010000000011100001100110000001111001001001101000000100
11000000010001000001101000010001000001000001100010011100100011000010011000101010001011101000100000010
11010010100011010000000000011010100100000100100100000100101000100000001100001000111010001000110101000
00000000000100010011010001101101000111111011001111100010000001110000000010000100110001001110100001101
00011001101100000001001010000010101100001010110000000101101100010010011000001000000110000100000111000
00111010010100100000000101100101110000100000010000000110101111100000011000101100010010001001000010001
01000001001100001000100110000000001001111010000000011000101101101010011110100010000101000000010000110
00000111101100100100110000001001100001100001001011000000100000010101000001000000000000110010110000100
10000110001101001000010101010110000000000111000000010000110000000010010000000000000010010110101100100
00010000000110000000001101000001010100001011110000000000100100001110000010001010101100110001000001000
11010000100110101000000000010100010000001001000001101111000101000000011100000000001000100010010011000
00011000000101100101010101000001001000101001101000001010100100000101000010100000100001011100000000010
01101101101110001001001101000000101100100101000100001001011000000000000000110001000000100001011001010
00101001010000011000100001000100001000000100100100000010100100011000000000100100010100000000000100101
11011110010000011000010010110010100001101000000011000100101000010000010101000000010000100001000011001
00100011010000010000001010011000001000000100111000110100010001001001000101000110000100011001110101010
10000000100010000110000111001000000110000101001000000100110000010100000101001111100000100001000100000
00010000011000110011000000100001000011001010010100000001100010100001100001100000000000011000110010100
10000000010010011101100010000110000000000101001011000010000000000001000011001100000001000011001100000
10000000101111001001100010000000000000100101101000000011010110000100001111011000000000000001001000001
01110000110010001100101010100001000001011000100100010000100101001010001100000100100000010000110000001
11100010010000000000001010100011000000001000010001100100100001100011000000010101001100010100000100100
00000101000100010001001011001011000100000011010000001000000000000111000010100000100000011100010010100
11000000000010000110110001101000001001110001001000000101110000110000010000010010000100101000001000101
00001010100000010000000000000000000100100010100000100100100110001100000001000000000010101110000001001
00000000000100000001000010000000000000010000000001101010110000011001000000100000000100000010001100000
01010001000001001101100000000101100010000101001000000111010110001110000010001010010001001000011000001
10011010100010000100000000111000100011001010010101000000010110010000001110001001110000001010000000100
11000000010000010100100011001001011000000010011000000011000001110101000000101010110010011001001000000
01101000110100101010110000000100101000000010100000010001001010001110000100010000001101100011110001010
10000101000001100001000010001100101001011000010010011000000010000000010000000010000110101010101110000
00000000000100000100001001100000000001010000010000010011001000001011000000011100011101001100000101000
00010001011010101100010000100000000010000110101001011001011000110101110001101000000001000010001110010
11011110010010010001101010111010100000101000100010000000100010000100100110000010100000001010110000010
00110001110001000001000000001010010110000000000101001010100100001010100010000101010010010001010110000
01000000000110110101000101010000011101000100000000011000000000001000000010001000000001000000100000000
00100000000100101100000000101001010000000100001100100110001000001110000100101000100001100011010111000
01001001000101101010100000100011010000010100110001011110001000100000010001101101100010001000001101100
01000001000010000100000000100010010111000000100010100110000111001110000010000001101000000000000001010
01000010100000100000001111000000101000000001001010000110101000100001101000101110000000110101000011000
10001000100100101100011011110000001011010000000100000000001010000100000010011000000000000001100110000
00001000011100000000000100011000000000000000101000000001001011011010000011101010000100010100111001000
11000011010000000000011100000100001000000000000000000100010100000001000000010000001101000010101000000
10001000000100010000010000010011000001010100001001010101000010000011010000011100000001110001000100100
00100101000101011000011011000000100000011001010000001011000010000000011100000110010001010000111100000
00001000010010011010011101000000010001111100000001010110000000000001000010111100001100110100100101101
10010001000111001000010110000000000001001011001001000010100100001000000001110001000000100011000000000
01000001011000000000010000011101000000010001000000000000000000000000001010010101001000010000000000001
00000001000000000011000100011100000000000010010100000010001000010000001000000000100000000000000110001
10100000000000110100011000000000100000000011001010011001101100001000010110000000110010000100100110010
00000000000100001001011001000001000000000011000001000001100000010010100000100001100100111000000000000
10000000000000001000000000001001100010000011011000101101010000001101000001100001000010110000011001100
0000100000000010100001010011000000110100000000100001000101101000100000000010000000000100100000111001G
