S0000001010110000100010110000010000000010011000000001010100011001010000101000000110100000000000100001
00100100010110001010000101000010101010000010101000001011100010001000010001001010010001001000100000000
00000000000000011000001010010101100110110010111010100110000100000010001110000001011110010000001001000
00001000000000001110000011100000001000011001001010000011100110100010000000000001011001000010010101001
00001100010100001000100000010001001010110001100110100110000100000010000000000001100001010001101011000
00101010100000000000011001000010100100000000100010000000000000010100100001011101010000000000000000011
00000111111001000100110000001000010000000000111010101000100100000001001100001000010100010110001111100
01010010001100001000000101000101101000101100100001110000100100001001000000110000000011001010001100000
01000000101000000110100011000001000010010100000110100000100001111001000010001101110100000010010100000
01100000100011001100000000000000101110110000000000010101010100100100001000101010100000100001000001101
00001000010100001000011100000100101011110000000101001011010110001100001100110010001010000101000100100
10000011100100011000110110001001001100000101001100100000010000100110000010001110000000100010110010110
10000100011001011101000111000000010000010000110100110000000100100111000000010001000000001100100110001
00001000101001101001101100000101000001010000100011100110001110110000001011011001101010000010000000101
01000000000110000000000100000100110010111010011000100000100000100100100010000000010010000001001001000
00010000001100000010000001100001000001010001000000011101101010010000010110010100101001110100000000100
10101001001100000110000000001101000110001000000110000000100001100001010010000000000010010011010001101
00111000010100000001001010000000001010010011100001000000001000100000001101010001000000000100110101101
00000100000010000101010010001010000011010010001011000100011001000001010100000010000001110000000011100
00010111010010000000000000000000000100000100010001101000000000001000100011100001000001000001100100000
10100000100011000100101000010001001000001001011101010001100000000110111111000101011000010000000101100
00011000000000000000000100010010000000101010001001000000010011000000000000000101010000000010010101001
00011101010100000011001010010000000001000001100110000110010000000000000000010000010000011110111011000
11100110000000010000001000000100000000100011000100110000010000010110100000000000010000000000010110001
00000010101100100010000010001001000100100011000110011000000110000000100010100001100100000010001010000
00000011001010001000000010000000000100101000000101000001111000000010111000000000001000110001010000010
00000000111000001011000000001011100010011000000110100100010000100111000110100000001000001001010100110
10100100101000100010010101100100011000000010010001001100110010100101010000000000110000100001010110000
10110110110110000000000110101010010001010010100000001000011000011010000000100001000000100001000000000
01101000100100001000000100010000001000000110101100010000010000101001001001101001000010100011000011110
10000100001000000000000001010000100000010000000000010000000101000001000011110000100010100011000010101
10000010010001010000010001011101100110101010010010001100001100100000101001100110001100010011000100010
00000000100000101000000110000000000000110000010100011001010001011000000100000011100011010000100111001
01110111001101000101010101100001001001010000000000001100010100100000100000000010010110110001000011000
10010101101001000000100010001000010011000000011110000100010000010001000001000000000000001100100000000
00100010000000000000001000011001010000000000000000000010100001000111101010101011010001010000100010100
00000010100001000011011010000101000111010000000011010000111010000100100010010100000100000100001011110
00101000000011101000000011000000110100101000101001100000001100000000111011001010101000110000010100000
00101001100000000111000010000110000101000000010110001101011010011010000000111000100100000010000011010
00000000010010001100001000011000100010100000000000000000001000110000110001000010000000000010001000010
01001100001000001001010101000000000010111001110100000110001000000100000110110000000001000000011010000
00010000101010101000010111000000000011010000011010110001111111010100000100010010000100101010001000000
00100000000010100000000100000100000110000100101000000011010101010100010101000100000110000000110000010
10101111000001010010110001100000010001010010011100100101100000000100000001000011000110101110010011001
00101100000100000000010010000010100001100100000000100110000100000011001000000000000001001000000111100
00001010011000111010000001000001000100101000000000100000000010110101010000000010011000010110001110011
00001101000100000100100000001001111010001100000001011010010000000110000011001110100100000100000000101
11110010101001011101010000000100001001001001011100010000000000001100000000000001110100101000111010000
01100100100000001011010111101000000110000001100100101110011100100010010011000100001000011000100000001
10101010101000011100000000000100000010000000001001000000011001000011110001010011001000101100011100010
01001100100000000100000011000000011100000001001101000000000011000010000010001000000001000001000100000
00000100000111101010001000000010011000010010011010000100101000000110000000000000001000000011000010100
00010010110101010010000000011100010000001000000010100010001100110100000001101100000000000010110000000
00110111000100000110110110000010000001000000010010000010011000100101110000000001100000000000000100101
10000100010001000100101110100000001100001010010000000011100101000010110000001001000001101001000000011
10100000011000000000001010001010001001001000011100100001001100110011001010100100010011010001000000010
01111101001100000011100000000101000100001100001010011100010000101010000100000010000100010000110010001
10001100001100001000001000000010000100100001000011010000110100001000110010111101100110000100000000100
00100001110100000111000111010000100010111001100010000110000100111100000000001110011100000000110000110
01110001000001000100100101010011010000000000000000000100001100000010100001000011001000000000001100000
00010100101000000001101000001111000100110000100000000100011011000001010100000001110000000000000100000
01101011101100000001011111000000010101000001001101000000111000001001000010000000001011111000001001001
10010000000101000101010000000011001010100001101110000011010000001000111110100010011001011000001001000
10001000100000011000000010010010010010000000000000110000101010010001010000001000010000001010000000100
00111010100011010100100000010110100000000000000100001010000010000011010100100001000011011001010001000
01000100010011000000010011001010000100000101000100010001000101001000101101110000100100001110000000100
01100100001100001011100100000001100001000100000001000000010000110100010011000001100010010001000000110
00111000100000010000100000111000000101000100010010010101101101000000000010110011001110000010010001011
10000000110100000001011001000110000011001000001010100100101101001000000110000001010000000010000000000
11010100110010110000000011100101000000000101110100000000000100000000001000111001000000110000010000000
00100101100001101100110011000010100001100110011000011001101000010110000010100010000100001000100000010
00000010000111000011101000101110100000001100000001010010110100101100111010000001010100000000110100000
11000001011100001001110110100110001010000010000100110000000001110001000011000000010001000100010000001
00001000110001001001010100100100001010001100001000000000000101000110001101000000100011000001000000001
00000101000001000000000000000000000010100000010100000000001100000010000001111000000001000000000100101
00111100001000000101011010000010100010100000000001110000010100000010100101000100110110010000110111000
01101111001000100111010000000010000110001010001011101001000011011010111010110011011000101000000100110
01110010000000000000000000100001001000000010100000000001001110100000000001101000101000000000000010000
00011001110001010000010011100101001000001101010001001100000101000000000111001101010100000001000110000
00001001100001011010110000000000100000000010000000111001100100100000000000000001101000011000010100001
10000000010001100000000001010101110011101101101000101000011000000000001010101100000000000010000010000
00001000010000001001110000001001000000001100010000001000000011110001110000100000100101111000000100000
10000000011001100010100000011001001011000010101100000110011000100010101010100000000000000100000000011
00001000000001100001000011010101000000000101100011000000011010100000010000001001110100100110101010000
00000000000001010100101001010000011110001001010000100100100111010000101010100000011000010100000100000
01000000100101000100000111100101000101100101101011100000011000000010000100100001000100110010100010001
01010000001110100011010000011101100001111100001100000001000000000010010100100001000001000001000010100
00001001001001001001000010110101000010100100100011010010010111100001100010000110100111011000000000000
00000010100010110000011100000100000010010010001000100011101100000101001000010000010000101001101010010
11010000110110000000010000001100000011010000010100010000101011011000010001000000001101100100100001111
00111001010000100101100001000000100001110001000111010100110000010000001000000010000110110011000000000
00100000000110001110000011011100100000000100001000011001010110000001101100100010110001000000100000010
00111010000110100110000000000111010010000000000000001001101010000101000010011000110000000100000110100
01000000001000011010001001000111000000111000100100000000001001011000000010000000000001001011100000001
01100001001010000010000000010010100001001110011000000011000101000000110100100000000000011000100100000
00100010010101100001000000010000000000010000011010001010000110000100001011000000100000000010100011000
00100001000100110001010110010100100010100000001111000001001010011010000000001000000000001101010100000
00001010010100000100000100101001101010100000000000001000010000100101000011000001110001001000001101000
00110011011111001100010110000101001010001101000000100010100000000000010000100000010001110001100111000
00100001000000000110001001010011010110010001000011011100000100100001010010000110000101000000001111000
1110010110110011000001010101000000011010000000101001000000001000101101000000000001000000000000000100G
