S0101010001100010001100000000100110001110100010000010000100001001010001001000001110010000001110000000
00010111000001010100101000110000000100001000000000001001000000100000000101010100000000010000100010000
10000011110100000010000011000100100000010100011100000010100000100010000001000000000110000000011101000
00011000110000101001010100001001100000001100101011010001010000010010010000010000000010001100100001000
00010000100000101011101010110010000100000000000010000000010000001111001010000000001011000110000010001
00000111111000000110000001000001000000001111010000100010011110001000010010010100100100111010100000001
01010101001001010010000000001010100000101000001000000100100001010010001111000010010000001100111001001
00000100100111111001000010000001000101000010000100100000000100101101000001000000010111101101010100000
00001100011000001010000100110101110000000000011101010000001000101000010011000011001110011100110000001
01000100000000000000110001000000101010011000000110111000000100001101000000100000011000000011000001010
11011001011100100000110111001010001000000010000011000100110000000000011010011000011000001011111010000
00000010001101101001000001000100000010100010000100000100010001000010000000110100001111000010001001011
10010000010001010000000100110000011000001100000101000010001101010000100000100010010010100101100001110
11000110001011000000010000100000110000100110011000011001000000000101110100100001100010001000101000100
00000000100100100000101001000100001000000000010101011000010000010000011000010010000000011111000111010
10010100000100010100000000101000110001010000010010110001100010010001110100000011111110000000000000000
00000000001000001100001111011000010001000001000010000000001101110010010111100001100100111011100000001
11100000101000000100100000000010000010000000000000000010100010001001100000000110000001000101000001000
00001010001110000010001001010100000000101110101001110001000110110101010110010000000100001100010001011
01101000100101001101010101000100011000001000100101000111101001000001011100100001000111000000000101001
10101000010001110000001000001100001000100101001101010010010001111011001011101000100100000000001011010
00001101000000000110100100000001100000000110010010000100010000000000010010100011000010110111000001001
11010010100000000000010100110010110011101101000101001101000111010100001100001001011101000000010100100
00010001001000100110001000110000101101100010000000000000101010110000111010011001001010001000010010110
00010010001100110101100000111011000000000001100011000011010001000001100000100000100011000110000011110
01001111100100000100000101100000000001000001101000000110000010001010000010100000011100000001001011010
10001100100000101000010000000001100100110010000000100010000100110000100100011001010000010001000010000
00010000000000000100000000011000000000000010010111100000000110010111100101010010000010000000000010111
00110100000101011000000100101001000101101001000100000010000111000100011110100010100110000011000000001
00100000000000000001001100000001001110100000010000101010100000010010001101000100110100011100110000011
00001001000100111110001100000110000000000000111000100000101001011100000001001001100001100100100000000
00000111100000000101000001000000111001000001010000000010000000000001000000010100000000101010101011001
00000000001000000000000000000000100000000001100100001011000100000101000011011100100100000010100000110
01000000000011110000111000000101000000100001010100100000010000101000000100110001010010001000000000000
00010100010000000011000110000010010001000110000100010011111001001010010010000011010100000000101011010
10101001000001101101101000110101001001000100011100000000001010100000101001000000101001100100010100000
00000000001100100000110010001010001000000000101000010000000000000010000001001011011010100011011001100
10001000110000001001110101000001010010000011000000001000110000000000000100000010000110000001100000000
10011000000000100001000010001010000110000011010000000101000000010000001000011100001010010000110010011
00000110100001001101111011011001110101000000010000000001000000000000000011010100101001100010100100001
10000011100010000010100000010000110001010000100011100000100010000000100000000000000000010110000001100
01001011000000000001000000000110001100000001101010010001010000010010000000110011100101100011001011011
10000100000000110001110011000010000100001010110110000000000000000000001000001011000000100000101010000
00000100100011100001000000100100000011000000011000001000000000000100101001001001000001001110110001000
00000010000001000110111000110001101110000000001000100000001100000101000100010000010001100001000000001
10001000100101011100100011000100100100001001110000000101010000010010011000011000010000000000101110101
01000010010001000000010111010011000110100110000000000101000010010000100101000010101011000101000100000
00101001001000000010011001110010010010010100000110000010101001010010000100000001111000000110100101101
00110001110100011001011010000000011000010100010000100001010000000000110011000100000000110101000101100
11001000000010001001110110001011000110000010001010010000000101100011010001011000010010000110001101000
00010010000000110100000101001100001000100000000000100001001100000010000000011010010100011110000001000
10000010001000000000000110000000000100110000010010011110010000000001001010001100011110010011111000001
00000101110000000000001000100001010100100001010000001011100001000110001010111010100011011000110010110
11100101101011110000001001001010001001101000010111001100001000010001101000100001010000000101100000011
10110101100001001001100001010000101110000111100000110010110000100110001100110101100001000101010110011
00010000000000001010000001000010001101001010000101100100110111100101000000000100101001001000000100100
10101010101100000010100001111010000000010010000110001010011000000000001100000001010100010000000000010
10000100000100001100010000110111000000100001010001100100100001000000000010001001001110000010000000000
00000000101000000000001110000000011101001010010101000001000100100001000010010000101100100010000010000
10000011000011011000001100100101100110110000000000010010000001111100000001111101010101000010100110000
00001000000010101000101000000001100000010011000100101011010000010000110110101010000111001000000001010
01000010000110010001000011111001000100001100001101000001001110000010010110010000000000011110011000000
00110000100001111010100010000010000110010101000000010001000110000110000100001100001010110000110100100
10000001000001000010010010001000001100011101111000001000000101101001011001101001000100011001000000010
00100000010010110100000000000100000000010001000000001000101000000000010010001100000000100000000000010
00001010010000000001001000010000001010000001011001100010100110100101110101000000010001011100100000011
10100000101001000000011010100100000010000000100100001100001000011110001010000011000100100000010000000
00110001110010100001100010000011001001100000100000000000010001001000000010000001100001000001010100000
00000000011100001010100111000000011010000110010100110000110010001101110100100011000100000111110110000
11000100010001100000011001000100001001110100001100100000000000110100000000101001000000000000000100010
00111001001000101000001100111000111000010001000110000010000111000001000010000010000010000000000110000
01110001000001000000010000010001001100001100001101000111010111000100000000000111000010011011000000111
01001000100001111101100110000011000000000000000001110000000000000000001000000000001000100100000010100
01000100100001110001010001110010010000100000100000000010000100010000100001001000111000000011000011100
00000000000001000011000000000100010010000000000101000001010000011001000100000111101010000101000000010
00000110000110001110000000110110100001001000000000100001110000000000111010000000000000101000000000000
01100100100000010000001000000001000100011110100011000000010000100000100000000000000100111100011000000
10001000000010000000100000010001000000000000100101000011001000100000000010001010000010100000000011000
01101100001000100000100000001100001010000111010000011010011010100000001000000001000010000101000000011
01000010101101000100000000000001000100000000000000001000000011000111000010001101000000100100001100100
10000010101000010000000000001011100000000000000000000000110011100101011010100100000101010101001001000
10000000010100101000000110001001100100001000100110110110000001001001010000011100000100010111010100110
00100100010100000101001000000101010011010000100000101000010000011111000001000010001001011100100001000
01000000011000000010010000000000011101010111110000100010001100110110101110000000001100010010000001100
11101011000010011100000001001010000000001000010000001000001101011001011000100001010000000011000100100
01001000000010101001100101100000100000100001010010010110011000000110100000000110100010000010000000000
10000000000001000000001101000010000010010010100000000011010100000011011000001100110000010000001010000
00100010101111010000100110011000000000110010010000001001000011000000000010101000110010000001110000000
10000001110101000101000000101001101111001110011000000001000001011000000001101000000100001010010100100
00001000010100100100000100110010101010001011000000110001000010101010000110010110000000010000001010001
00011000101010000000100101000000100000000000000100000110000101010010100001110001101100000011001000000
10000111011000001101000100101100001001000000010000000100110010001100010001001000101110000000000001001
11000000100000000000110001010111100001101001010100000000000000101000100000000001011010010110011110110
00100000011100110001010101000000000110000010000001100001110010011011101000000010000110001101100000101
10001010010110100001000010001101101010000101010001100010000001011000100000010000010010000000011000001
10000100011001100011001000000110100100011000000010101000011100000000100001001100010001000110000001010
01111001010000100100010001000111000110001010011110001000100000000101101111000000000111000001000010100
00000100000000000000101000010000000000100001101000100010000101001000010100000001000000100000000010000
00100001100101000011000011101010000011101101010000000100001010110101001110001000100001001000100100000
11011110111011100010001100010101100100010100010101000000000000011010101000000000000000010000011000000
0110000000000010000001010001000010000000101010000000000111000000000110000111000000011000000001000000G
