S0001010110001001000110100000001110001101010110010000010100110000000101100001101000010000100010010000
00000101000001101011010100010000000011000000000001100000100001100000110001000001000101101001000101011
00100000000000000000001101000000010100000010000100010001000000011010100011010101100000011000000010100
00111010100101000100100100010010000100010011000010100011011011000010010000000000010010100100001000100
00011010000000100000001000101000010000000100110000100011001001001000001000010101010000001101101011100
01110010110000000000001110101101001000100001001100000010110001010001001001010110001000010001000001000
00110011001000000001000000010010001011000000001100101110000000000001100100001000000101000000101011001
00001001010100010100000101000000000010000010011100100000001010100011100011010011000010001001000000101
10101111000111010000110000001010110000000010000000011110001010100010000010010000000000011000000100001
00100001000000001001001001011101000110100001000111000001000000000001100000000001100111100000000000000
01000000101000000111101000001000010100010000001010000100000000101101000000100010010101011100100000110
10011011001010010000000000000010111111000000100000001001001110010010010010001010100100000101000000001
00010000000000100100000010001011001000001010110010000001001001110100100000000010000010010000010010000
00001000001010110000011100000101001110001000011100000011000010001000010001001001000101110101000000010
00111101110000110001001110000000001011000000011000100001100001010001010001001001001010011000000101010
01000001000010100000100000100010111001001000000101000110101111100001100000101010100010000000011010100
01000110100100000001000010000101100001000001110010100000110101000001101001100010011010110001000100011
10110010000010101000000010010000000000001000010101101000011011010000000011000001001011000101001011001
01000011000010000001110001000001010000000100011000000010000010001011000010000010000111011010100001000
10111000001000100101110010000010010000000000000101000000000100000010010101100101111001000011010011100
00000000010001010100001100000000010000100101000010010001000100011010000100000110010000101100000100000
10000111100101010011001001001001000011000010011100011000000010011000010010000010000100011010100101001
00000010011010101100101100000000000010000010110100010000001100000001001001001111011101001010001000110
01110000010001100000000110000001001101000010010001100000101110100100000100000010001000000100000010010
00100010000110100111010011001010000001011000000001000001001000110100000100000001100101000000001110000
10000100000110001001001011000000010000010000011100110000010100001000001000101000000000100110011000010
00000100000000011010100000011000101010000000100100000001000001001000110000000011000001110010000000001
01001010000001000000001010011011000100100100000100010000010010110100010110001000010101011000001000000
01101000100100100010001000000000000111000110110010000000001000100000010101001000010000001000100010100
00001001010001001011111000101000001101011100000010000001001001100011100000010101001000110100010000001
00010100011010111000110010010000011001100100110010101001001111001000000101011001000100000000011000000
00011100110010000111001010100000110001011000000001100001010000110110000101010100000001001001000111000
01100001100100001000011000010000000101000000010111000000000000010000100111101011010000100010100000000
01001000101011001000000101001001001000100000010100010001010101010000101000000100110100000010011010000
00100000101000101111000010000001100000001100100100000000110001111000100000001001100000010000000101101
01011110000111010000011001100001001000000000010000001101000110110010000000101110100010010010100010100
00011000001000110110000110100100110000000110101000010111010010001011010010101010000100000001010000000
00100100000000000001010011000100011011010110000000001101000000011010010111010001000001110101101001000
11010000000010010100100010100101010000000100100101010010101000010000001000000100000000000111010010101
10001010000010000000000100010000001100000000000010010011000101101100000001111100110010010100000100001
00111001000000000110011010010111000100010000101000000011000010010000000111010101000001101010100000100
01000000100001011110011011000010010100010001000000000000000110001000101000001010011101011000101110101
00010000000101001000110001100000001101100000010000011000010001111100110111010101101001001100100100100
00101111000100010111100100000100000000000011000000100001000001000000001000100001000001000110011110010
01000000011000111000010100000100011111000000100100001001110011110101000000010011001100100101000000010
00000000000101010101000100011000100011111000011010000010010110000000100100000100000001000001000111001
11011001000001000100001000010101000101000000000000010100001000000000100101001011100010000000010010010
00000001011000000111000000001100000110101010000001011100000100100000000110101000000000100100100000001
00101001000000000101000010000101011100001011001010010000001100100110010001010100110010110001000000001
00010101000100010010101000001010100100011100000000001000110011010010000100001110000111000010100001000
00100000100000000011000100000000100010100000101100100101000000101000111010000000010001000101000100010
10000100110001010111010110000100011100001000000001001000100000001100101101000010000100100010010100010
10000101101000000100010110000100010100010001011000000000011010000000110011101100010000010001010100101
01110001010000000000010110111001100010100010010000010011101100010000000000001000000001001110001000010
10000101011100010000010101110100000100000100000000100010110000010111000000000010000000001101000100000
01100111100111010110100000001100000110110101010100000000111010110100010000001100110010000010000010000
01110100001101000101010110001000111000010000000101000111000011110010000001110000001000000000000001010
10001100011001100010100000000000000000000011000111100011001110000000010001110001001000000000000001001
00111110001100001110010010100111001101110110000001010111001010010000100001011000000011000000000000110
00000001011000000011101000000100011101100001000001100000100010010010010111000000000001000011000110000
00000100011100010010000000000011000000101100000010010100000100100000100000110010011010010000000001100
00010110000000000000110001110001011010100101001110000010110010000010000100010000011001100111000010010
00010000010001001100110000110001001000000100000010100000010100000000001101000001010000000111010001000
00000000000010010100011010010000101110010010000001000001000000100110011010001101001010001001100100000
11000010100001000100000100000010000110001110000010000010000000100100001100001001110000110001011000001
00010101000001000001000000001110111100010100110000100101000000010001001100000000010010000010000110001
10000111001100000000010100010001100100100000000010010001011011000100001001001000011110101010000110100
00011001000000000010001010100000000100110100010110101010101101010000000010001010010000001010000101101
00010010100011100000000000000111100000100000000100101000000000000010000010001000000111010110010000000
10001010000101101000010000101111000000010000111010010001000000000101110010000100000010100001011000100
00000100000000011011000110000001100001111100000111001000010000000010000010001000100010011000000001000
01000000110010000000011010101000111111000100100101000000000011000000100010000111000000010000101000100
11000000101110000000010110100001000011010000110011010100010110001001100010000001100100000110000110010
11000100000100100001010000000000010000110100000010101000110000000000000000010110010010010001000010000
01100000000111011000001000011011100010000100011000001001001010000000011010011010010100101001010000101
00000100001001010000000100001000000000000000000000100010110000100000000000001010100000000000000010010
10000000000010001010100000010001010100000001010010101001000100000000110110001001001010100000001100000
00100000000001000000000001000000000000110010000010100010011100010001000000000110000101010001000001101
01010001011010101000000000001000001010000000000100101110100000100001001101010000000000100000000001010
10000010001101001001001100010000100010100100010001010000000110110000010011100001010110010101100110001
00010110000001000101001001001000000101001101000100010111100000000000011110000000011000000111101000001
00010001010000000000000010110100000011001000010011100101000100000000001010000100000000000110011010111
00001100010100100001000101110100001001000100001011000010110001011001010101000101000000000010001110100
01111000001000010000001010100010000010000000000000011000101000011000000110000010000100000010000000010
00000100001100000010000110100111100000011100100000000000110100101001001010010110010000010010010011010
01000001110001011010000100010100001100000110001101010000000001001010010010000000010000100000101000100
00100100101000100000011000010001000000001001100011011000000101100000111100000100100110000000111000101
00100001100100001001000011011001101000000110100010001110001010010110100001100001101100010100001010000
10000000000101100010100001100011000001010110100001101000000010000100001000010111010111011001110010000
01101000000000010010010010001010100000001010000011000001011010010110010011010001000010011001101010001
00000001101001101010010000110100011010101000100001110101010001000011010100000000001100010000110011100
00000000010100000000110100000010000100101101000000100000010001000110100001000000010100100000010010100
00000001010110110000000000010000100010001001000000011100000000000001100100000000100001101000000000100
10110101000000100010000110001001000001001001100100001000100100100101000101010111010000010000000101001
10001101011111010010100001001000001000011000101000000100100010001000011010001000000100110101000001000
00000011010101111000011000100000101001011011100000100000000101000000000101100010010011100000001000110
00011001000010000001101010001000000000011101100000001000100100000110110000011011011110010011010000010
00100100110100111000000101010011000110010010000101001110000010011001010010010000100010001001100011000
11000011000111110010100000000010001000010000110000000000001001001000100000001000011100100100010000001
00101010000110001011100010100000110010001000000011000110100000010000100100101001000000000001000000010
0010001001000100010010010000100001101100000000000000001000001001011000001011010101110100011000011001G
