S1010001100001010110000100100000000000110000001101000001000000001001010100001010111100000000000011100
00001001100001010000101000001001110001000001111100011010011000010100001000110011000101111001000010011
00001000101100001000010101000000000000010000110010100000001110100001000000000010011011000000010000100
11000001010000000000000100100000000001000000101101101010000010000001000100001100110011010000000001101
01011000010101100101110100000000001111001011100000100010000000010000110101110000000001000011100110101
00100010000000000011100100000001100001001110100000100001001010100010000110010100001100000100010010000
11101100000000000000000100011100000100110000101101110101000000011011110001000000111000000100101000101
00110100000100010001111101010110110000000001010100000000001001100000110000000011100000000010000000010
10000010000000000100010010010011000000000010011011000100000100011100010000100010011010000000010100000
01010000001100000011010010000011010010000101000100001110100010001001000010010110000011000000101101010
00000100010100100100000000000000011101001010000000000000100000000101010001001000011010000010011000101
10001001000001010000110000000010010000001010001011001001000101001010011000110011000000011001001000011
10001000100100000001100010110010000000000101100100110100101011000101010110000000010001010000100000100
01110001000011010001000010000110100010000000100011001010000010110110000001010000000000000010100000000
00010100100010011010010010100100101110000000000100110000001000001010110000001011000000000110011010100
10000101000001000010100100110000000100000000100101000001000100010101001010001111001101010000100000101
00010100011000011010010000000000011010001100101011010011110000110100001010000010010010000001000110001
00000010001100010001000110000001010100110100000000000011000001010011101010010000000000000000011010000
01100000101010101000100000001100010111100011011000001001000011000000010010000000010111100000000001010
11000010000001000100000000111000001100000010100010100100000000001000011000000100010011000000000110100
11000010010101100110000000111001000000011100100000000011011000011100001011001000001001100011100100000
00100100000100010100010000000000110000100000010101001100001000010000001000000000110100001001000010000
00000100001110001011000000000100001100110001010000001111001000100000010011100010110010100110100001100
00010000100011000100010110110001010100001110101100010001000000101000110000100001010000001001000100100
00010000010001100100100011100010101110001010101000000000100001001010000001000110101000000001000000000
00000011110010001011100001010110000001000010010010000000100100100101100001000000101111000100100000111
10000100010010000100100010100010001010010000000110011000010000000010000010001000000100000101001011000
00110000000011001000001110100100000100110000010000010011010101000010010100100100010010001000000100010
00000001001000101100000101100000011000000000000001000000000010100101111010010011000000100011101000001
10011100101000000000001101010000001011111001100001100001100100101111000001101100101011010010010000100
00001000010000000000000110010000010011001010010010010110000000000000000000100100010010010000100100000
01010010000100101000011001100001000110000000001100001000000111111010000001101000110000000001001010101
01010000010101101100000010101100000101001001100000000010000001001101010110000000001001100110101011000
00000100010010000001101100010000000000101001010010010110100011010000000001000001101000100000101000110
00011001001000110100110001010100010000000000011000000000001100101001011100100001011000100100000000010
01010001001100101100000000001000000110000000000000011110000000000000010000100000000010010100011000001
00000010100011000000111100001100000111000010000111100000000000010000011000000000000001100001000001000
01000011110010100000010100100110001100100101001000100000000000101001011101100110110001000000000001011
01000000000001100001000000001001110000100010001101100011001001010000000001101110010000000010110001100
00001000011111100000101000000000010001000001011001101001101010010001100010001000001010111000000000000
00001001010010101011111001000001001110011000001000000010100001001000010000000011001011100100011101100
00000001001110100010100000101100000001001110111011000010001101000000101000010000101000010010000001001
01000111001010000010100000001001001011001100000000000000000000000011000100010011001000111100001101100
00110000010010000000000001000000010110010100110100010000100001100001000000001000010100000110011011001
00011000000001110010010011010010001110000101100000111100000111010011001000000111001011000000000011000
01110110000010000001000000010011000010011010100110000110100000000000101000101001000000000100001000001
01010010000001000000000101011010011000000110001101000101111000010011000000000011000110100010001000010
10000010010000100001000100001110101000000100000000000100100000001001100111000010100000001000001100000
00000000111000000000000000000000001111100011100010010110001100001000110001100110000100110100000010010
00100001000000010000100000010100100000000010000000111011000010011010000000000000100001001010100001101
01010000100001001100000110001000010000100100000001000001111100100010100100000000100000000011000000000
00000001000001101010000011010010000000010110011001000000001000100010011100001000101000110000000000000
00001101110000001000000001100011010000001001010010000111111000001101000000000100101100000000010001110
00010000101000000110101000000000010101001000001000000000000110100110100000111011011101100100000100110
01001010000001000001001001110001000001010001011001010010000000101010010010011011000000000100001000010
01010001011010001101000101010001110001010001000000100001011110000000000100110000000000111110000001000
10000101100000010000001000000001000000010000100010000101000100111100011000000000100001001001000111000
00011011010000001111000100100100010110100100100101000011100001000010000100000011110110100000000000100
10010000010000000010000001011010001010001000000001010010000100111000010101000000010000010000000010001
00100101011101100000001001000010100001000000101000001000100100001011010000001000100100000000110011101
00000000101010101000000010011000001010010100001011100110100000110001000101000001110010100001001110001
10001000000000110100000110001000010001001010100000101010001000000010101000100110001000010000000001000
10000100000001001110100011011010010000110110101001000101100011010010101000001100010000100001101011000
01100001100100111000011000000010000010000010011100000000011000100001110101100100010011010110000010000
00100000001000001001010000100100000011011000000010000000000000100000000100011100000000100001000010000
00100010100000100001001010110000001000100100000000000101001000001011010000000000001000011101001010010
00010000001000011000110110100000101101000000000000001001000100010000000100000110100100010010010001010
01100011000000110110110101000100001001000000010000010000000101010000001011000100000101000000010000001
10000100100001000000000101010010001000001110011000000011000000010000000101010010000100000000110110001
01001011010001100100000010001011111010000000100001010000100100000001100110010000000000000010001011010
00001000010000000001001010111010100000101101010001001101010010000010000000100000001100000000100101101
00111001000001010100010000010001000001001000001000100111000011010001010000000000000100000001001101011
10000000000101001000000001100001000000101000100100000100110000100100011110101010001000001000110001000
01010010000000011010000000000101101100011011001000010011000101011000000011100101110000000010000010100
00001000010100011001001100000000100000101000000010100100001000010001101000100001101101010000101000000
00100001000000011110100010000100000000000000001100101110000001010000000001010101010010000100000001101
00000000001010000010100000001000011011000100001010001000110010000101001000000110000010001011011000101
11000000110000010010001101100100110001000000100100000001010000001110000011110000100001001010101000100
10001100000001000000000010000000001011101001001001101100000010110000011000000101000000001000001010001
00010100000100000010111000011110100000001010110000001011111100000001000001110001000100000010000000010
00000100010010001010001101100000100110001000110000101000000110101100000010011100000000000001100111010
00000000001001000000100000110100110010001000011010011001011001000010010010100001111100100000110000010
00001010011010000001000110001011001000000010100010000110001010001100010100111000101101001010000010111
10100110000010000000011101011100100100000000010100000001101000000000100010111001010100000100011011000
01011101000000100011010001000010111010100110101000001010100000011010000100000000000110110100010000010
01001100111010000000001010010000000000010001010101110100010011100100101000110011100100010000100000010
10100001110100000101110001000000000001100001001000000001110100010001100000000000000001000011100100000
00110001000000001000010001000101010000011010000010000110000100110101000000001000100001010010010000100
00000000111000000101001000011100110000000010101111000100000011000000000000011010010100100000100000100
01000000100000100000010010110101010011111111000001100000111100011100001000000110110000001011001001101
00000000101000000101110000010001100010100100110000010100100001001000100011010101010000110010100010100
10100000000101001001000010001111000001000010001010110100100100000000101000000010000110010000000000000
10000001000010110001101100010000111100000010100000001000101010000000000000010010001000101110000001001
00011111001100000000001111101010010100000111100100001000100110000010001000000100000110001010000010010
00010000100010001110000001010000100000000001000000000110001100010000000110101000100010001001000100100
00001000101100110011001100100001001000000000110000100011000100010001000010001001000000000101011001111
00000100000011000100000100010011001001000010010000010100101001110101000001000000100000101010001101101
01001010001001000011100110000010001101001100001000101000011010100000100000010000001011000011000000001
00001000001000100000010000001000010000100100001000100010011100000111000100110010000001011011010001110
00000111010110010000001100010001010110010001000000001011011000001100010000000000010110100100011100101
0000000010000101000001000010000110100100000000101000010000000011000100000100011010101000100010010000G
