S0000000000000100000001110010000101010101000100101010010000000000011000110111010010001100001001000100
01000001010100001101100001010010000010100000000000010001000100000000010000001000000001000000101100000
01010001000000100000110001010100000100010100000010000000111110010010000000100000010100001010010110010
11010010100101000100100100000100000001000010101100111101110000010001000011110000000001000110000000001
10100001000100111101000000000000101000101001001101010010000011010101010010110110000110011000001000000
00100000001010010000000111101010001000001000010010010100010001000011000000000000010001100011010011100
10101000110000101100000101010000000010010001000000100010101000100000000010000010100000011000100001101
11000100001000011000010101000010011000000000111010011011101000000000001010101000010000110000000100110
00000101000000000000000000001010000000000011000001001001000011100010001100000110000001000100100100000
01001000001110000000101001001000000000000110000100010100101001100001000000100100000001100110101001000
10000101001000000000000010100010000011001000010000100000100001100000101010000000010000001001001110110
00010001100001000000101001000100000000000000010000000110010000100100000011000010100010001010010011000
11000100010010001010101001010001001001100110000011001110000000110000010110110100000110000101111101100
01000100100010010010000001100000011100000100111000001000010100101000011010000000010000100011000000010
00000101100100100001000001100100100000000000100110000000001101010000000010110000010000000000000100011
00110010000001010000000010000000001011000100000001000001001101000100001010101100000110000101000110100
10100000010001001000101100100000110000000000000011001010100001000001100001101011000111100101100000101
00000010000010100000100000000000010000011010000011110000010101000110000000101010000000000001011000000
11011011100111100000100000101010001001010001000000100000001110000001001000010000000100100100001100100
00100100011000101010001000000010001010000010000110100100010010000110011100000000110100000001011000000
10101000001000000011001010000100000100000000000010001100100000100000000000000001010000000001010000001
00000110010110000000001100011001001101010011000000000011010000000000110110000000000000001001001001010
00000001010001111110000100000101000010000010101100001001101100000000000100000001000000100101100000010
10011000000000111100000100100010000001000100000001000111001011001100000001001100110010000101110000010
01101010000110100100001000001001110000110010010010001000100000011000101010100011010001100001110011101
10011001000000000000000000000000001010001000001001000000000000001000010101101100010001000010001010010
00001001110100010100010000001100000010100000101000000000011000000000100101000011100000001001100000100
00011000010000110001100000000100001000010011000001111000011101010100000010010000010101111000101011010
00001100010010000000001000001010001000100100000001000010001011000001110000001011111000000000100000100
00100110011000100110000000000101101010001000010000001110000001000010001010000111000000010010101000110
00001001100010000000011101101000000010011010001011000011000010010010010100111000000001100000000100000
11000000000100100001000011011111101010000010010100001000001000101000000000001010111000010010010011000
01000100100010010010011001000010010001000010000100000001000000100100010001010100000010100001010101000
00100000011000011011000000000001100000001010010010100000100000001110000000010000001101100101000110010
11000000110110100110110001000011001101001010000010000001000101100000100100010011000010100000110010100
00000100001000100110010100101100001100011111010001101011010000110101001100010001000101011000101100010
10110111010000100111010100001010000010011101100000010100111100011001010100001100100101000000001000110
01000000110000001000100001000110000100000000100100000100100011010000110001001001000110000000100001100
00110010000000100001000010000010101111100001001000110110101000001010111010001000001101000111000000000
00100000111000000101100000100110101100010101010001000000000110010000000011010001000011000000010000000
01001011010000011000010111000001000000001001000110000000010000001000000100010000000100010000000100000
00001110000101000000110100100110000100100100000000010000010000000001000110000100110100001001001000000
01010010100000000101000000100100100000000000010100000100000000100110001010111000010010100000010000000
00000100000001000010000001100000001010000101001001011010100001001100010100100000100000111100110000010
10001001011001100000001010100000010010100100111010000000010000001001001100010100000100000001000001010
01100101000110010100010011011001110001001001010000111101010000000011000010100000000100010000000001010
01010001100100000000101000111001000000100110000010000010110000001000000000010011000000000000100000101
00110101010001000000010110001000100000000101000001000110011000100011001001000011001001000010100000000
11000010001000100100110000000010101011100011000011001001100011100001100111001011001110000100100001111
00001010010010000100000000011000000100000000000000101111100000000100111100000001001100101000000000000
00000100110100000000001010000000000010110110010010010000000101100100000000010100000010100001000001101
00101001000100100000001000000000101011100000000000100011000010010011000000000000000101101010001001001
10000010000110101001000100001000001101111100100000000000101000100011001010011010000100001000011100000
01010010101100011000100010100100101000101010000101101000000000101111000001100010000001110000000000000
00010000110011000000000001000101010000000000111110001010001100001000100100000011011100000010000101100
00110101101100000001000000000000000000001000000000000001100100100001010000100101000010110000010010000
10001000000001100010000000001100000100001010001000001000010100101000010001000101110101000010100010000
00000101010101010010011000010111010000011010000001000100000010100000000000000101000000100000001000010
00000010000000001000000001011010001100000110100100011100010100100110011010000011000011000001110011110
11100000001000100001110001000101011100010000000001010010101011000011000010010010000100010100010110110
01100001000010000000001000010001100110000101000011011100110100000000000101000000100100000001010011000
00010110100001110011000000000111000011010000001000000010100101011101000111100100100011000001110100100
00000011000010000000001000100011010000000000001110110100000100100011101000000000100000101001100010000
00001100010111000000110000010000100101000000101000011101110000000000000010101001001010000101001100010
00001000000000000111000000000001100001001000010101010000101010110000100001000010000000000001010001101
00000001100001011000011110001100100001101011010100111100001010000100010001100000000000100100010000001
01111010000100001101010100000101010001000000010100010010000000000001010001101100010000000010000001010
10110001100100000000000000111000000000001110000101000000000011000100000100110000010000001101100010010
00100000000000000000000110000000101011010001000000000001010010010010110001010010100001011010000000011
10100000111000000010000000001000001010100000111001100001000100000110101100100010101101010000000110110
10000001000000011010111011010100101001101111000100100100001010001101110100000100000001100000000000100
00010000110101010011010001111000010000000001000000010100000101010000000000000001000001001010110100000
01100101000100110100110011000101001100100101000001011000101010000001000000000000100010010110001010011
00000100000100000110000010101010000111000000001001000011100110010100010101001000100011010111011110000
01010011000000001000010000100100110011100000000000011110011100100011000100101000001001001001100000011
10010100000000000001001110000010010000000000000010001000010001011111001000101111011001011010001000010
10100000100111110100010001101100001100100100011000000110000001001000100000010101000011110000011000110
00000010100100001000110010001010010000000100000001000100101001100001000000100010011010010000000000100
00010100111110000010001101000001000001000000000000010000100110000000000011000110101101010010101001101
00001100011001100010100000101010000100010100100100100001000100000000011011100010000010001011100001000
11100010111000010101000001000000000001100001000000011110001100000000000000100000000000000000101100100
01010101000000011000111100110010011000000110011001000000011000000010000000010000100101110100101001000
11010000010100100100001000001110010010000000000001010101010011000000000000000100100000000110000101010
00110000010001010100001010010011100001010001000000000011000001000000000000000110001011010100001010100
00000000100011101001000000000000111010110100000010010001010001000001000000010111111100000011000100101
00110101000000000001001010000010100010010100001010101010000000000000100100111110001110010010100000010
01010000101000000000110100100000101000001111101111101010000000000101100110001000100000000010010001001
00001000110000000000001100001000100100100000000000000100010000100011000100100110001011100001010000110
00101010100101000010101000000000000000000000011100100000000101010100100000101000100010000111110000100
00000000110001001110000000001101000101001000010100000000001000000010000000000000000100011100100000101
10110001110000000000001100101110100101100001100010000000000001110100000110010101000000100100000000010
00101100000001110000000001011000000000100001010000000000111001001110000100000000100101010000010001000
10100010000010010001001110010010001101011000100000100001000101000000100000000110101110100010000001100
00000000000010001110100000000100101100001010000000000110000001100010001001000010100000101000010010000
01000011101010000000110010000110011000110100000010110100010100000010010101011000000011000000011000100
00100000011001000000011100000001010000000000000000011000000001000001000100000000000000010010000000101
00010100100010000000000010101000011000100100000000100000000101000100000011000100101011000001100010000
10010100000010000000000010000100000011000000101000100000110000010001111000001010010000000101100010100
10101001000101000001100100000010101000000101100000000100110000000001100100001100100000000110000000011
00001101000110000010011001010000000000110000000101010000000011011101000101000100110000111101010011101
0100001000010000001000010000001001101100001000010010100000001010010000001000100100000100100100000001G
