S0100100000000011000000101000010001100000000000010000000000100100000010001110100001011000101010000110
10011100010110001001000000001100110000100000001010000001001000001110000000000011101000101100100000000
00110010001111101001001000000000010010000000001010000010000100000010011000100000010101010000001011110
00000100000100000000001111110000100011000100010100101110011100010000000111000000001001000010000100000
01010000001001111110000101010000011010001001100000000100100101000001010000001100011100011001011100000
01110010000101000010001001110010000000010000001001000000010100001011100001011001010000110000010011100
10010101000000110101010010100000000110100000100110110011010100111100000001010000110010000011000000100
00000101010110001010001000010010010010000001000010101010100001000000100010000000101100000101100010001
00000011000001010000000001001100001010001000100000010000100100000000000011001001000010010000000001010
00000000001001100000001010000001000000100010001010000000101100001000101000000110000111101100001000000
11000000011101011101010000000011000100000111100000000001010100001001100001101000011000010100100110010
00110001010011100000110010000111111101100000000000000000101010010010000000001110100000000001001001100
00000000110000100001001000001100101101110000110000101110000010101001000110000001010110100001000000000
00000010010000101010010010000001101100010100000000001010100111101000001000010100100010011010000100101
01010011100001100010010010110000100001001001001100110000000011010000001100010001011011100110010001010
01001001011010001001110100010000101001100001000110100001000010001000000000000010101000010010010010100
00001010001001100001011000000010100100101100010010000010000000100000000100110000001000111111000111100
01101010010000000000000000010101010000110000111011000010101000010000000000001101001101010000000000001
01101111100001000011000000101001010111000011000000110000000100111001001101101000000101100011101000100
00010100100000101101111000001010001001010010000000101000010011000001101000000010010000111000000000010
00000100110010010100000110000000010001001000101001000000000001010100100000010100000010110010110011010
01100100111001100100000010010000001001001001110010001000001000010100010110001010010010100000000101100
10010011001011000001000000000100010101000010000001010001001000010010010100001010010000100001000001101
00001100010110100011000100110100000110000111110010000001000010100000000001000110000000000001101000100
01001010001000100010011011101110000100010000010101100011001000010100000110100010110011100010011100000
01001001100000100001101101000010000100110000010001000000011111110001000100010110000000010110000111100
01110001010000011010000010010001000010000000000010000010010100000000001100000111010000011111001000001
00010001000000000000001100000010110001000001000010000000000100011001000010001101101011100000101010011
10110000100011001101000010000101000001000000101101000000011100010001001100000001010010011000000001000
10101100001000101100110010100001110100110000100000100010000111001100100100011100000101000100001010100
00100010000011000000000000010010100010001101000010000100000000010000010110001010010000000110001111110
00101100000000000101010000000010010101001000000000000110000010010001010100000000000100000100001100001
00010000001010100010100000101111010000000000000111100010011001001001000000110000001100001011100100010
00110001101000101000000100100100110000001100001000000101000001101100110100000001100000010100100000010
01000100001100001001010100100110000000001100000100000000001000000000100101000001110000010100001010001
01000000010100001100101001000101000100011000110000010010000000001000000000001001010110100001000011001
10010111011110010000000011001010000000101000000100001110010000001100000001101010000001000100100010100
00100010000010000100001100101000110011000010001001010100100011000010001010000001000110010000001000000
00010000100100101010110010001011000001010111010001000001000110100000000000010000000001000001010100110
10000001000010001000000000000000011000000001100000010011100101000000100010101011000000011001001010110
00010000100000000001010010110000100111010110001010101000100000000000111111001100000000001101100001010
11001010100110100101100101001110000000000101101100000011100000000000011000100101001001101110101101100
01110110010101110010110110010000000011010011100100000101000000000100010001000000001101000010111011000
00101000001000001000110001000100101001110010000000001000000001001000011000001000001000000100010010000
00000000010010110001000000000100001100100100100100100001000110111000001011101100110100100010000010000
00000100100000000000100110100001000100100000100100001000101011100000000001011000000010000110100000010
00010000000001001110000010100011110000001010010001000111101100010010110000111110010100100111100110010
10001100110000001000100000000000001000011101010000000000001010000001001000100100101010000100111000000
00000001010100000010011001000000110001110000111010000000000001001010010110000101000000000100000000011
10010000110010101110000001000100110001000100100000000000000101000000100001000101000000010011001000010
00100000000011100000100010000100100000000001100000100011001010101110000101100000000100101011000000010
00000000011000001001101000000010010000111101001000000000110000011111000000101010100101010100000101100
00000000010000000011000100100000001000100010100101110000010000000000001000010011001000100110100100011
01110001101100000010010000000010110100101101100001000100000000010000000011010111000110001100000001100
10010001000001001110010001010000001010010001001001000011101000000001000000110001010000000010001001000
00001001000101000001011000010110010110001000000110000000101100010010000001100001101010000001011000100
01000101000000000000100000000011000000100000000110100000011001000100001000101000000100100000101000110
10000100010000000111000000010111110001100000000010100000100000100001010001110010100111000110110110000
00000100000010110000111100010001000010000000100000001011101001000011000011000000010110100001010001000
11101000101000001000001011010000100000001000001000011010010000101001010110011101001100010011010001010
00001011000100100010001000001101110101000000100000001000101000000100000001100000000011000000101000010
01010001011010011000110000110000010000000000000010000000000000001001000000011000011101010011100110000
00000001001101000001000000100000000000001000111001000000000101010000100011101010100001110000100000000
01100001000101101000000000001011010010010001101000010000000010000100000111010000000000010011000100100
01000000001101101101111010000000010000000000000010100000010100000000011010001010010001010010011010111
10010011000000100001111110000010010100000101001110100100000100100000000100000001000010110000001001000
00010000011010001000000000011000000101000000000000001110010000011001000010000010001010011010110010100
00000001111000001000000000001110010101001010000000101000110010011000010100000000000001100000001100010
01011100100100100100000111001100010110010010001110010000010110110100101010010001011010000010000101001
00010111000000100010101000101100000001000000001001010011011010010000100100001001000000001000101000100
00001100000011010000001000100010100001100100000001001000101000000001110101000000001100010001010010110
00010001110001001010001000100100001011100101011111001010010010000001000100000011110100100100010000000
10000110000110000000000101000100010000000110101010001010010000110100010000000001000001011000011010000
00000010000110100000000010000011000110010111000101101000000011001001010000010010000000000100011010110
10100001110000001011001010100000000110000000001000111000000000100000010001100000101100100001000001000
00001001000110000000010000001100010010000010000000110100001010011000100100100001101000100001100010110
10000101100000001100100011001001000111100011110101000000110110001010001100011010110101010011110000000
01000010001100000100010101010000001000000010011000100010101010001001100000000001011000001000000000010
00000001110111010110011000000001000100000010000000000000100100010100010101000001001000110100100110100
01000000001011000000001001000010010100010110000100000001010000001100000111000001100010000001010111000
00000100000000010000101000100101010100001000000001000000000100001100100000100000111000100100101001000
00001100000100000000000000000010011000100100100000011000010100101111000100011001000000011000010000000
00011000000010011101001110000000100100100101000010100010000010101000001011011010001010010000100110000
00100101000001100100000100001000010010101000110010111000000100101010000100001001011101000010000010001
00010101100100000111011000001010000010111001010100010000000010011000011000001000000000011100000000000
00110000001100001010100100001101011010010101010010000000000001110001000000000000010000010001100000001
10000001001100000010100001001110011001100000001000100010000000001001010110110100000000100110010010000
01010001000000010100100100001100001000001000001001011000001001000000010011000000000000000101000000011
10000010101100000100110000101010001000000011101000000000000000010000000000011110100100001100010010100
01101000011010001111100100000111000000101000000010011000000001110000000000001111001010000000010001010
10110001110010000000010100001000110000010000001111000000100100110000000111000001111010100000010000010
00100110000111000101000100010000000000101000000000111000010100001100001000001000110001000001110010100
00000001001000010000101000000000000110000001100001100101100010011010000011000101100100101100010000100
00001010000000010110011000000001010111011100000101000000000001001000000010010100000110001110000010011
00000001011000100100000110001100000100000000000010110100000010000000000000100011001010000000100011000
10100100101001010100010000100000011000000110001011100001100000011000000001100101101100000101010001000
10111100010100101000101000000100000100001100010100000000000100110000001001110000000100101101000001001
00100010000100110001001110001000000000110100000010100110000100000000100010010001000010000101010100100
00010000001001001000100000000001001000010000101110010010101000100010100010010100010101000010000000010
00000000001001001000000000001011110110000110000000010001010011101100000010000000001100100000000000001
0111010010011000011110010001100011000010000011000000000110100000101000100000100101010011000000011000G
