S0010100010010101000000001101000100100110000001001000000010011100100000000110010101100000000011110010
00011000000100000000001001000011000000000001101100000011001000001010001111010010110101010011100110100
10011001001111000000000001000001001100000000111000100000110100001000010001010000000000010011000001000
10000000110000100000000010001100000000001001100101100001000001100000001001100000100000001110100000000
01000000110000111001000001001000000001011010011100000000010110000100010100010101100000000000001100000
00010000001000010110100100010101001000000000000000000001100001001101001110010001010010000100010000000
10000010100101110100110001000011000100001000000000000101010000001011100100000000010010000100011001110
00000001010100000010000010001100101000101100110001001000000001100000000000101000000000001101110000000
00110110101000001100000101010100010100001110100000100001100000010010001010000010000101000000000000000
10001001010110000000010000000000100000000110000101100001001000000010101100000110010011000000000010101
01000000000000100010001011110001000000010100111100101010000001110000000000100010001000000001000000101
10010101000010010000100001011101000011110000110000100100001000000111000001001101000001110100011000000
01011010000000010011011000001110010001000010010101100000000000010001011000110010000010010000100000000
00001010111001000000000000000000101000100011000100001000010100001010000000000000000100000100101100001
01000000010101010000100000000110000000010000011011000001000100100000011000000010100011101101110100000
10110100100111001000001100000000010001110001100000010000011010100011010000001101010001011010001101100
00010011000000000010000001000001101010000001100000001001000000000010110101000000000010001101011000000
11000000010010000100100000110100000000010010010011001001101000010100000100101000000000100100000001100
11001001011000000000000000001100001000000010101010110010110100101001000000100010100000111110011000000
00000000000100000010111001100100010000010000000000000010000101010001100101000001001110010100101000011
00000100000010000001010000001000000110100000101001001000000000100011000100101100100000010111001000100
00001000010000000000011000000000000100001000000010000001010001000110001000011011010110000001000000010
01000000010010001010010010000110000000111100000010101001100100010000100110001000101000000100001001000
00000110000000101010000000110010101100000000010000010000000010100110111011010100000010010100000010000
11001000010000100010010000010000001101001001111000000000000110010001000111001001100000010001111010010
00010000000001011100010110000000000001000010001001011001011001000010000110000000000001111001100000000
01000000100101000000000000010001100100000101000000101000000001110000011010100000000011000001100011100
11001100000000010000001100110110101000100101001000110011010010000010101000000000010100001001100001001
00000010001110010001100000000000001000101001011000100111011000001000110000000000000101000000100011001
00101011101001000000101011000000010011000001001000000011100000000010100100111001000001001000000100000
00101010110100100101100101001001000000110001100010000000011000001000000100100000000100100110000001000
01100000001000100000000110010010110100000011010000001001000000000001011000001000000000110001000000010
00000101110001100001010100000100100000000101011100100001011000011000000101000000000100001001100010000
00010000000010010010101001011110100000100101100000001001010011101000000111011100010010100010101110001
11000101010100010101110001000010010000000001000100001110000000111000101000001000000101110001000100011
00101000011000010101000000111100000011011010101100000000000101101100010110111000000000000110011000000
01000100000000010000000101000000000110000000001001010100100100000000010000100100000010010101010000011
10000100011110000000101100010000000000010100000000001101111000011000000100010100010001010100111001100
10011011001000100010100001100100000011011001100101010000100001010101110011100101011011000001000000000
01000010101100010101001000100000001001001100011000101100100010100010100010100100010000100000100000000
00110000000001000001000000001111101000000010001000000010000000100000000010100000001000100000000011100
00111000101000000011100010000000101000000001101001001100000001100000001000000001001100100010001100000
01000000000101000000010001110100010100000001100010011000100010001001001001000101000000110101000110000
01011100000000100000001000001010000010101111010100010000001011001011000000001011001010000000100001000
10000000010001011000110110000000010100101001101010000010000100000011111001100110010001000101110000000
01000101101000110100010101001010001110100000000000000000000010000110000101000000100100100000000000000
10100000111011010011001001111010101000001000010001101000000101010010000001000000000001100010000000000
10111000011100101000000010010000100010010001100001010000001000001101000111000000010111100001110000100
10001000110100000001010000000000010100010000000000100001101000000010000100001000010010100000000000000
01000010000101000111011000011000010001100010000000010000000000001110000000011110010010010000010000000
00110000100001000000100000000001100000100010000000000010100010000010010111001010001100010110011010010
00000001100011001001011000100000011000100000010111000010110100001101100010011100100000000001000000001
11100010101001001100100001011000100000001000100010000011010010011001000001000001010001100010010100101
01010010000111011010000000000011100100000011001000000000101001011010111110110000000101111000110001010
00010000111101010010010110001000110100001101000000100110000011110001000000000000000111000001100100011
00001100111010011100010001111000000000000000000011010000100010000000000110011000000100000110010000000
11000001101000000000110010000000010000000010000000110001100000101000100011000000010101110100001100000
10010000011000111000000000110000011100001000000011011000000011001010010010000010110000000110001100011
01000010001100000011001000000011001001110100110000011000010001111000000100000000000000000010010001100
10110000100010101101100000001000010000000001110100100011000000010110111100000100100000111010010101000
01000000011110000010010000000001100000100110000011000001100011001011100000111000001011101010000001000
00101100000001001100010100000001000110000010011000000000000010100000011000011101011010000000111000000
11000000100000010001010001100101100000011000001010011000000000000011100001100100001001100101110000100
00100000000110100100000101000000000100011000000100100011100000101000100000100011000010010000110100000
00010010000001000011110100000100001001001100100000000010100001100001110100000000001101010100001011100
10001010010001100100100001100011011001000000100110000001000000000110000101000100001100000001000000000
00101011101000000000000000001100000100000100110001001110100000100100010001000001001100000010001000000
00101001000100100110101110001000000010010000001110001001010000100001101100110000000010100000011100001
10111100000110110010101101000001000000000001010001001000111000000001000000100000001000101010000100000
00011000000001000000000100010000100000010000011011010001000100011100000010100100110101000110101110010
00010000100001010000000011101001010011100001000101000101011000101100000000100000000100000001100010010
00101110100010001111000100010000001000000111110100001010011000001000000000010101000000000000010001000
00001010000010000110000011101001100100010110100001100000010000001000001100000100000000010001000001000
11001000011010100100101100100101001001000100100100010000100000000010000010000100100001110100000001001
00110010010110100000010000100100101000000100010000110000010000011000001000000101100000100000000101011
10000000001001000000000101000010000001000100001000001000000011100000100000110011100100011111000111010
00001101100010100000000011011000111010110000001110011110100110100000101000011110000000001010000000000
10100000000011000000000001101111000000011001100010100100001101010000010000000000001000001011100100100
10100000100001111010010010110001000000100001010100001100000001010000010000100000100100100100000101111
00000010010000000100001100010000000000000110000110000000000000000011100100000110010000000000001011000
10000000000000000010000100010010011110010000001010101110110000010000101100000000011101110000100010100
00000101001000000000000011100100000101011001110100000000100111101000110001100000111000000000000010110
00010000001100100010101000100001000001010101111000000000100000100011010110010000010111101110000100001
00000000000010100000110101000011000010010000000001000000001000000001000100000100001000101000010001000
00001000001001010100100110000000100010000100100000001110100000000010101010011001000000000000000100010
11100110000100000001100001000010100000010110110001111000100110110000100101001011100000001000100001000
00110010110000000010110110000010000000000010100100110000001000000110011001000100000000000011110100100
00010001000010100100010000000010100000001100011000010000110001001100110101010001001011000001100000001
10010001010100010000000100000000100000010000110000110100010011000100101011001100000010100111010010000
00110100011010100100010100100010000011000010010001000001000110100100000000101000010100010000000100001
00011000001100110100011010000101100001000010001100000000000000000100000000110000100101011100000001100
00000010000100010000000010010100000000000000101010000001001101000000010100001000001001000100000000001
00001011000001001000010010001100000100000101000100011000000111101000001000110000011101100100001000000
00100010100110101000000100010010000000000010000000000000110000100010001000111000010100000010010001100
00110010010000000000001001010001000001011001100111000100100000110101010000100001111100100110000000111
00000100001001101001001100000000010110010100100001000000011000010000011000001000110010111011010000100
00111000100000001010000011101100110100011010001111000000100001001000100000101001100000000011001100100
00100010100010010000001100110010011000011000000001100000000110110000100101010000000001000101000001100
00001000000000010101100101111000000011000100001000000100100000000001010011000000010010110110001000010
01101001010101000100000001000011000000100100010001100111101110100001000000010010000001000100010000010
1100010001100110010100000101000101010000100000000110001001010000000001100000000100100001010000101001G
