S1010001010000100000000000010010010101100110010100001011001000010000100101010111000000000111000100101
01000000011000000000001110000010100100000101000000000000011000100010011010000100010000110100001000000
00001000011100000101001011000001000011010010000001000000000100000000000000000000110100000000011010001
10000101000000000100001000001010100000001000100010100000011110001001110000010001001001000001001110100
10001000011011000000111110001100100001100101100001001000100000000011011000000000010001101010001000000
10001000010111110101000010000010100000101001011011011000011000100001011100010010000000010110000001110
01110010010000001000001000110001000100011001111010000000000001101101000110011010100001110000101101011
11000000001000000001110101110110001001000001000000101000000000010100011011001000100010110000101100000
01100011001101000110000000000000111000000000111110010100000011001000000000000010001001000010010010100
01011000000101111000000100000100010101101100100100000000000000001100101000000000010010011001010000000
00000010100111000010101001000000010000011011101111100010001010010100110010100000010100010001010100000
01000001010010000001100100010000100100010110000000000000001101000010001000011001000101000110110001100
00000100100011000000110111100000101101010000001000111100010010000010000011100011001100000000001000000
00011011110000000100001100000010010000001010010011010100111010100000010000010000010011111100010001010
00011000000000001000000100100010101000101100101001001001010000001000010010100100000010101000100000010
00000111001010010000010001001000010000011010010000110110101100000000001000101010000111001110000011000
10001001110001000010000101011101100011100100001010000101010011001100000000011000000000000001101001101
00100000101010111110101000000110010000001000000110000000000100101000000000101100101110011101000010000
01100000100101000000100001000000000000011000000000100101001100000010000010100011001000000010001111011
00010001101100010010011000101010000010001000011100100010011111000001000111000000011000001000110001010
00001100001001101100110011111001010101000000000001101101000001010100000001010000110011000110110001001
00100010010001000100000010000110100000000000000000010010010000100010010000011101000101001000000011101
11011100000000000111000000010010001001001100100001001000000010000100000000000100001000000011000100010
01001000000111000000000111000001001000001011011110000110001000000100000001000010000010010101000011001
00110100001000000101100100110000010001001101010100001100101001000011000110000000010001000010000010000
00101000010001011011001011010010001000000000100000010011110000001011010001111000111100100001010000000
00000001001000001010000000000001100000001000011000000000010010001000001001001100010001100101010001011
00110000011010000001100110001010000001100001001001100000010000001010011100100110000000010100100010101
01000010000010011000000000000010000000000000000111000100000000000111010000011001000110010000110000101
00010000000011000010000000000000101100000000100010001010010001000000000001000001010000011100100110001
00001010101000000010101001011100011001001000100000000100000000001010001000000001000001101000010011001
00010101001001100110000000100011001010001001100000000001010100010101110001000001000101010000000010011
10001000000000000010110000100001000000000010100001000101100100000000000001110001010001010010111000010
01100100000000101000100010000111000001001001100010010110010010001101000000000010000011001000000010100
01000010000010010000010111100011001001010011100010011000110010011000001010101011010100001100010010000
00000010110000001110001000000001110100110010000010000110000000010100001010001000011010001100000001101
10000100001111101101000001101100000010010001000000011010100000001000001010000010001000001100000100010
01100100000000010010100000000100111000000001000000100001010000010100110000000000001001100100100100101
00000001100011001011000001000110000110100000000000010000100001110101001000000000000110011010010100110
10010010100000000100000100100001000000101100011000010001001001000010100001100000000000010000000001110
00000011000000100000011010001001100001110001100100110000000000110110000011010000010000000001001111100
01000010000111001001110101100010001001000000000100001110011010110001000001010010110010001100000011001
01101010011001001001001000101010000001111100000010000000000000000000010100100000000100000000100100011
01100010001001111101110001011000000000110010000010000010100100110110100001000010010100110010000100010
00000011100100000000000001000001100110000001001100000011110000100001100010100100000000000000010000000
00000000001001100100000100100000010100000000010000010101000001010010011100000001011000001000000000000
11001000101111000000010010000000010010000010010100011001000110101100000100011000010000100000100000010
10011100001001001100010010000000011011101100000000000100011000000001000010011001000001000000000010000
00010000010000000000001011110000001100000110000100000000100000100001100000100110001001110001000101010
01001000100100110000000000110011011000100001001000001100001011011000110100000000000001000111000010010
00000001010010100000010100001010011100011010000100100000100001001010000101000100010000000000000000011
00010000101000100011101000100001010100110101000000100011010000110011000000011100000000001001000000101
00100000010010110010100001100111010110101000110010000000010001000010001011100000110010100000110000000
00100000111010000000000110001001000100000100101101000000000101000001001000001000010000101100000100100
00100100000110010101001110001100000001000101001000100110000011000000011000001110001110100000100000101
00011000110000100010010001111000011000100011111100100110000000100000010101100001000010000100001010000
11001010001001010000001010001000101000100100010100100001001111111110100101000010000011100001000010001
00110001000110001100100010001101100001100110100110000000100100000100000010100001010100000100011000100
11000110100100001011110000000000101001000100100000101000011000000000000001010011101010101000110001000
10000001000000010001000100000001001011000100000001000101101000110100000000010110010100100000001100000
00100010000100011100010100011000100000001101011001001000010011000100110000100001010011100000010100100
01000000000100001100000001010011000001011001001100001010010100010101001010000010000101100100101000001
01000100011010011011110000000100000100110000111001000011000011110100001100101000000000000100101101100
10000001001001100000011011100101100001010001101111010010010011010000100000001001001000100100001000000
01100011000100100000010000001010000000100001001000000000000100110001100100001001000100000000000010000
00000010000000000110000001000011010000000110010100011001110000101010010001000010010011110000010000100
00000010000100000001000000001000100010100100001010100000100000111001001011000101100010000110100010011
01000000011000000001100000001001010001111100010010101110010000110010001000100001000100101001000100100
10000100000011010100100011011000000110000011000000001110000000001000010010001000000010011011010001100
01010000001000001100000000100101000100010001010100000001101010000000100100110011001001000100010000000
10000010110111001000100000000000000000000001011010000001100010000000000011100000000000010100000100101
10101100000001000110000100100100010100000000000110010110011010000001000100100001000100010010000001000
01001110010100000100000001000010011010111100000001000011100010010001001111000101001010100010011101001
00001001000110000010110001111001001000100100101000011100100000010011001111000101101000110010000101001
01000000000100010000000001000000010111101000010100010000000000000101110000000001000100010001010000101
11000100000111000000111000000010000010000010111100100010101110010110001000001100010100100001001000110
00111000000001001010011000101010000110001000100010001000000010001001000001100100010010101000000111110
10110000000001000100100101001110000000000001000100100110000100010001010010001000000110000100000000011
00001000111111000000000000000100000000011000000001010111100100001000100111010000000011100100100101000
00000000000001001000000100000000010010111000010000010001101010100001000101100001001000001101000011010
10000001000011000000000100011000000100000000010001001100000001100000000010000001001101001000010000000
00000001100000100000000100000100011000000000101001101000010100000010000100010000101011000110000000110
00100010011101100100000001100001001010000000100000000001000101000001011001010000110000111100000110000
10101001100000000001110011000000100100000010100100000000001100000000100010000000101000000000001000000
00000000000111001000010001100000001000100000011100101001101001001001100000010001010110110000011000000
01010001000100000001010000011000000000010000000100001001000000101000110111010010100000001000010100110
00010011000000000000100111000011011110100101000000001101110100101011000000001011010001110000000000000
11001000010010000011100010010001100000111101100001100100110000000100110001000000100010000010101011000
00010100000000001100001000001010100001001010000000010000000000001000000000000000000010100010001000011
10011010101000011000100000000010110110000000100000001000100001001000010000010000001000000100100001011
01000001010000000000110001000000001000001000001000000101000000000001000110001011100010010001000000010
10101111010000010101010000010011010100000010100000011000101100110001110011010101000100110000010010001
01010000100101100010100100000100111000000000110100000001000111001000101101011000001000011101000101101
00100110000111010100000010110000110110010000000010001010001000010100000000000001001110000000100001010
01010000010000010000101100100000100101100000100110100000010000111001100000000000000000000001000100000
00110000000010001001100011001001000100001001010100001001111000010000001000001000001001100110000001000
00000110010000001100001011000100010101101000011000101001001100110001000001001000010100100001011000000
10000000001001000000010010000000100001101010101001000000000000100001010100100100001000101000010011000
00100110010110000100001000110001010000010011011000001000000000000001011001100000010000010000000011000
00000011010110011000000111000001110010010100100001110000101000010101001000001000000000001000000000010
0001101001010010100001100101011000000100010000000001001001001000000100100000000001001100011011010010G
