S1010010000000111000110110000101000010010100100000010000100100111000010100101101001000000000010010000
00100000100000001001000001100000010001010100100100000010100011010000000011000100000011010000011111100
00010100001000000011000100010000100000100111100010000100110100100100010101000000100010000001100000001
00001010000101010100100011110000010001000000001000000101000000000010001001001001110000101111000101000
00000000100010000000111000100000001110100100101001110110001000100100101000000000000001000000101011000
10000000100000000110110000010111100000100000001100001010101000000010000110111000001000001110001100000
10000101110110001000110000110000010001011000100110100100100000011010110001000110011110111100100001000
01100000000000000001001110000000010001100001100000000100110000010000101011011000001000100111001101001
10101000011001101011001110100110001000110101011101100100100000111000000100000000011000100111010000010
00010001000000000100001000111010001000010110000110001110101011001001000010011010000000010000010001011
10000001010001001010000000010000001001000010000100010010000100010000001100011000000001001000011000000
10000011000000000110101110010011010101000000001010000000011010001101001110000001001011001000000011100
01000110100011000100010100110101010000000100110100000000001100100100000000000000001000001010111000010
00001100101011000000000010000000010100000100000000000001101000110010001000011100000001000010000011000
10000100000101001010001001011000001101000101100000100010000011001000100001000000000100010110010000010
00111110000001000000010000010000010101000101100000001001110010000011110010011000000100000000100100000
00000010010101010000000101000010100000001110001001000011100001101010100100110010001001011110010011011
00000010000000100101001100100100000000010100111010001100101011010100100001000100000000101000010000100
00010000001000000000000001111100000000001001100001000000000000100011011010000100010000100001100000000
01010010100000111001000100000101000001001100010010110110100100000000000000001000000010100100000000011
00001111010000000000100001001101000101011110101100000000100100000100100100011000100110000000100000010
00100100111101001000000001000010010011001110001010100001000010001110000000000100000010001110010011010
00000010010001000000100000100100001000010000010101000000011010001000111010000100111001001101000000010
00100000000100110000100100000000100100011010010010001010011000010110000100100000100110011000011000100
01011010000011001000010000001110111011010010110001001100000110100001110000100010100000010100001011001
10100100000010110000000000001100000110011000000000010100001010101010100001110100101001101101001100100
01001010110000010000010001000000000101001000000000001001000100100000010010010000000000011000100000000
10100110100001000001010001010000100000110000001100000000010000100001000110000101010110100001111000000
01100000001110001100101001110101010010100010100000011000110111000100000010000000100000000000111000011
00001000001001100000000000001100001011001100011000001000110000010001110010000101011010100000110101001
11000000000011010000000010010100001000101000100100110000100111010000100101101000000011000110000000000
01010000011000000001110110001100000000000001010010010000001001011100110000000011001000000101101011000
00100000101100000100100101101000110011000001001100010111111001110000101001000100001000011010101010000
00110100100101001000011000000000000001010100000111010000001010010000010001001101111110000001000011001
01110000000101110000000000000010100110000001100000101100000100100100011000001010100110010000100001010
01001001101100000101000001010000100001100001100001000011001010000110100000100100000101000000000011110
01010100000010001001010000010000110000000010000010100100100001011100100000001000101000000000010000100
01000110010110000100100000011000001000101000011000101100000001001101011001000001010011000000000010000
00000100010001010001100100010010000001110101001001110001111101000010000010000011100000011011100000000
10010000101001000110000011011000001001000100100010011101000110010000100010000010100011000000000001001
10000010001110001000001000000001010010000100000010101000111000000000000110000000101000111001000110001
00000000000000100110000000100010100110110001001010010001000000100100000000011010001000011010010010001
01000000000001000100011000001011001010100000010010010010111001000110011001000001000000110100011000000
10000110000110000000000111100100011010000001110000101100000100000010101100101001100101110001011000010
01101001110010000110101000000000000100101000010001001000001000000000000100001000010011000000101001101
01001010100100101010010000001010000000100010110001000000010000000010010000111010000000000100001001001
01010100010001000010100101001000000000000000001101110000100000011111101101000100010010001000000100000
10100101010010000010100010110000101000000001010000000100100000100000110100000100001001001101101010100
10001000000000001001100000100100000010000011001010011000101010100000000111010100100000100010100001000
10000010000001100010000000011000011010000101000100110010010011011100000000000000000001110000000001010
01000000010001000101001000010000010100100000010110010110010001000000100000111101000000011100100001010
00101000100100101110001000100100000000110001000000010000101100000000001011001000001100010000110001000
00100010010000000001000101000001001000000110000000000110010100011100000010000010010100000000000110000
00001000000010010000000010101011000001001110010001101100000000000001100000100000001100000111000010000
00000100010000001111110011000000110100010000101100000000010010010000111000000100010000010011000000100
00000001000100100101011000000001000000110011001000010000001100000010000101000111010110100100100110000
01000010111100000001110010000100000001000101000101101110010001000000101001100001001010000100001110000
01110000000000001100100000001010010010000010011100111001110000000000111000000111000110000011010001111
00010000000000000001100110100000010000000000010100010001100010110010000000000000000101000001000110100
10000101000000000010000100011000100000100100001110110000100010000100000010000100000001100010000110010
00001100011100000001010000001100010010101110011001010010100000100001011000001001010000101010011000001
00001000000010011010010000000000000001000000000001011001000101001000010010100101001000011000110000111
00001011000010000010010000000001011011011000000000110000010111101010010100101111000010000010100000010
01100000000110000101011000100001011000000000000000110001111000100001101000000000000001001101000000000
10100000001010111001001000100000000101011010000000100000000101100000000000000000010100001000110000000
10100010101000000001001001111110000010110011010000000011000000010001000011101011000000000110100010101
00011111000000110001100000011000000001010000111100010000100001001100001100111000101000110000000000110
00100100100110000001011111001000011011100110011001000001000010110000001101011010001000011010010101011
00101000110000100110010010100100010000000100100100011000100000110000100100000110101010101001110000000
00000110100000001100001001011001000001001010001011101001000001000111111000011000000100101001101010001
10100000110100010100010010000100100010000100101101000100100111000010010000000000000001000111001100000
01000110000000100010110000000010100000010000100000101000000100101001101101000000000001011010010010000
00001100100000011001000110111100000011000000010010010000010000000000000000100000000000000001000000010
01001011100001001000000000000001001000010100000010000000001000011101001001001010101110000000010010000
01111011001001010100100110010000000000000000111001010100000000000000001101100010011101001011100000101
01110000000001100000011100000000000000000000101010110000000110101001100000100010000001101000000100000
00011001000000000000001010000011000000001010000011000000010000010000001000000010011000011000100110101
10100001110000000011000100100010001101000100000000001000010001010000100000010101000001101000000100001
11011111000010000100000101001001000100000000000001100000101101100011001100101100100111010000000000011
00000000100000100100010011001010000101001110100011000010000110100000001001010000110011010100000110010
10111000100100100000001010000100100100000110010000000001000100100011000010001001000000000010011100000
10001001010101010010000001100001100110000000011100010000001000000010000100001001111000110101000000010
00000001000100000011000010110000001000010000101001100111101010100001000101110010000100010000000001000
00000010011110000101000101010001000110000110000000001100010010101000100110000110000000000010110100100
00100000011000000001000000000101000110000001011000001010010010000000110100000000001010101101101100110
01100000100011001100001010000010000000111001110000010000001100011001110100000001000000000111000010101
01101010010111110000110010000110000010000100001100011000000011010000000101000001101001000100010010000
00001111000100011001000001000000111001100000000100101000100100000000101000000000101001110000000000001
10000000100100110000010000110000000011000000001111110111000001101000000100000001100010000000000001100
00100000000010110000000000111100010001000100001001011001010000001000000100011101011100110010000010010
11000000101000000001010100000101000000001011101000000010000011100111101000011110100000001000001001000
01011101010000000001000000111000100100011000000110101100000100011010010000100000000100010010011000000
00100000101000101000000001101000010110000100010000001101010001100000001100100010000000100001010000000
11010000100100000100111000000011001001010100010011110000100101001000100000010000001000100000000011001
00001000001100010000010100101010100101010000001100000011001010000001010010001100111000000101000000100
11000010001000000010011000000000000010000101000001000010001010010000000000100010000101000000001110010
01001010000011100000011000110011101011011011000011100000010111100000000011111000100000000000101001010
10000001100111000000100111001000000010100010100111000100100000001000010000010000100001100010011000000
00100001111001100000100001100000100100000100000110000111011010000100001010001010000011010101000000000
01111000000000010100100010001001011000001000001001100100110001000000011010101101010111001100000000010
0011000011000011101100001011000000100001000010000101010000000000010101010010100101000010100010111010G
