S0001010001000010100010000001010001000010000000000100010000010100100100001010000101000010010000000000
10110001100100111000010111010000101000000110000000000100000000011101010010100100000000110010110010100
10000000001100100000000001010101000010000001100001000000010010000000000110001000000100101001101000001
00000001000110001001010000001000001000000000100000011011001001001001001101001111010001000100010010000
11010000111000000100100000001100000101000000000000011010011000000110101011100000111000110111100101000
00110011000010010000100010010101000000001110001000000001001001100000011011110011000000010000011010001
11000011011101100011100100000000110100000000000110101101100010001100110000010000000011000101000000010
00101000000000100100000100110100001001000010011000001000010011000101000010000010101000000001000100011
00100111001100000000101000000000011000010010000001010000000000110011001110000100001000101100101001001
11001001010010010100000000001001000000101000001000111000000101100100111000001001110110000100010001010
00010000000011001110100100000011010000000100101011000000101001110110000001010000101000000010000011010
00100000000100000000000010000010001010000000001000000011010000000010010000001001001010000110010000101
00100100010011000000110101000001000000000100100000011101110001001001101000010000111001000000111001000
01001010000001000000011001010000000000001000000011001000001010000000000100000100000001110100000000100
00000011101001000100001000010100100000100010001101000000100110000010001000101000010000001001100000001
10010110100011011011000010100100101000000000100000010000011101001010010000101000001011000110000011100
00000000000010001111010111010011101001001001000110000000001000001100100010110100000011001000001011001
01000000000011000010010100001101000100100000001110001000000001001011001000101000000000011000000001100
01110100010010001010101010000100100000001010001000100100000001000100111001100000011000010110101110001
10011010100001100000001000001010000010000101001010000100100110000100001001010010110110100010001010000
01000000100100001100101100100000000001111011001001000000000110011111010011100011000001000100001101010
00100010011001000100101001000000100100101011011010001000100000010000000000110001010100110000001100100
00000101011000010101000100000101100100000000000011100111001010000000000001011000000000000100000000001
10010000100001000010111000100000000100010100000001001000101110001000100000110000110010001000010110010
00000000010110000001000101000000000010000101000000000001000101000000000010010001000001011001010011100
10011011111010001101110011101010000000110100011000000000010010000000100000000000001000010100010101000
10010100100001100110101001100011000000000000011101100000000110010000000010001010100010011000000000000
01001100100100000000011100011000000000010100000001010000010100000110100010110100000001110000000100001
01010010000000101111010000010010100000000000111110011001010000101000101101000000000001000000000000100
00010000001010010010000001001000000011101000100001100100100001000101001100001100101010000001011000100
10001000000000000010000000000000010101100100100010011001000001000000001101010100011100100100000010000
00000100010001010000000010000111011010000001000000100010111010001010001001000000011001100000101011001
00111000000000000001011000000100100011110001111110000010000000000000101000000101010010000000111100000
00000000000001100000110101000101000001001100000000001000000000000000001000100000000010010000000000001
10000000100111100100000010001010011010010110010000110010000010000001000010100000100000010000000000000
11000010101000010011000111100000001000000000100110001000101001000011010100001010001001001110001000000
10100101000100101100011001000000011000100000000000010001100100000100000101000010011011010001000001000
00000110001100101100011011001001110000011100000011100001001010100010011110111011101100010010100000001
01010100100110011000000110000000101010110100000110001111000110100010011001000000000111010100001100000
00100001000000000000000011000000000010100001001000100000100001010000100001000000010100001000000111001
11000000010100100001000010000001000000000000110011100000100010010001000100101101100100101100110010100
00011010100000000000110100101000010100100000110100000000001001000000100001000101100100000011000001010
10000010111001000000111101001000111010100001010000001000000010100100100001000100100000010101000001100
01100001000000001010000001100011100100100011111000100011000000001010010110001000000011000000110010101
00000100010000001000001001100000010001100010001001010010000010000000001000001100001000011011100110001
10101101000100110000100101000000110100100000000000000101011000010001000110000000100101000100001101100
00000100011111011000011010001001010101000000010010010011101010000000000010100000000010011011000010000
11010100010110000010010100000000100110001100000100000000101110001100001010000001101001110100001100011
01010001011110101010100100100010010101010000100011111010110000000000100001000010110110101000010000000
11000000000000110111011100010000111000110100001000010101001010001000010101100000110101100100011000100
00100000001011100101000010100111100111000010000011000000111000100010000010101000101001100010000000000
10010000110000101101000000110000000001001101100000000001000010000110100001000000001011100110000001100
01000000100010010101000000000001100011110000000101001100001001010001100000111000001010010010001000100
00100001000111001011010010000010011010010001110001011101000010110110100101001100101000001000000100010
00011010001001000110111100010000001111001000101010100100010000100001000000101001000111111100010010100
10100000000000001000010010010000010000000001010001100011010101010000000100001000110001000001000000001
00001001000001000001000010010000000100000110100110100000100000001110000101000000100001001010001010001
10000101010011000100001110110110011001001111110110000100011000011001110010000000110001100010100001100
00100010010000000101110111001000100000010000000001000000000010000001000100011101011100010000011000100
10010010001100010000100001110100010100000000011101000000001010010011001001010000000111000111000100010
01100001000000110010010000100101001100000001101000000001100001110010111101010010100001000000010000000
10100000001101001010101100010101010010100100010100101000000001000000000101100010110111000100010000100
10000000111000001000111010001011000000011110101100011000010011000101010101000001000000000000000000010
00000100100010000100000100001010000010011001000100010000100100101100001001010000000011001000000100101
00000100100100000100100000101110100000110111100010010100000110000000000000001100101000011110010010101
00001000000100011000010001000100010001001100100010000000011011001000001100000010010011000001111001010
00010100001000100011110000000100101001110000000100100000001001001001001011110000110010000000000011100
10000000110000100100000000100001001100000000001101001000001100010111000100000101101000001001000000010
01000010000100101100111000101000110000010001000010010001100010111011011000000000011001000010010010011
10010010010010000000010100011011000001000010010001000010000010000010101011000010001000000000000001000
10101000110010000001000001010000001000000100000110100100010100000101001100010001000010011000000110001
00000000010000000001000000100000001001010100011110000100001000011010000000000101001010011011001001100
00011001101001001000010000100000000101000111000001110010010000010001001000000000010010011100011000100
00100100000010100100001100010000011010001000111000000001100100000000110000110000000000100000000001010
01001101100101100000110000010111001101000000101110110100100010010000100000100001000001011000110110010
01000001100000001001011101000010001000001000001001010000100010010110100011001011010101100000000000100
00000010000101010110000001000000100011001000010000010111100011101010000001000000001000010101000110010
00011000011101100011110011001101000100100100100011110000001101010000101100000011000101010000000010011
00101000000010000000000001000010100101001001000000000100000101001111000000000100000000001000001000001
10010100110000000001001000101001111100011000110000111101000001100000111010000000010010001010100000010
01000101011001100000010011001011010001100010001000000100010100100000101000000000001101110011100101010
01000001000100000011000001000000010001010000111001001011110011100000100001000101001001001100100100110
00000000110000000001010001111010001010000101100000100010110000011000100100010000010101001010000000000
00100001000001100000000001001011010101000100100000110100011001100110100000010000000000110000110001001
00101010000010011001001000010000001100001010010000011010001000010101110010000000010001110101000010000
00001000011101011000100110000010100000000000101000000011000100000000000011000101100000000000000010000
00100000000000001100001101010001010010000100111000010100000001001110000100010000110100110010001000100
11001000100001010100100010010100010000010000001000110000101100000000101110100100110110100000000011011
10000100000110001000010100100101011001011100000000110110100000110100100000010010100001000000000000100
00011101000000100000000000001001010010011100010010101101001000110100000000100011000000010010000111010
01100000000100000100000000000000100010001101100100000010001001010000100000101001101010000010011000100
11011010010100000001010100100001010000110010000010001000000000001000110100000100110100000101001000100
00010001100100010010000000001100000111001000110000001001110111011000000001010010111000100000000100000
10110100111100100011001111000001101000000000111001000111001110100111000011010101100011100000011010001
00010001101001101010011000101000001001001000101100011100000101011100111000100000110000111100100001100
00000010000001010000000111100010000100010000100010001100111101001001010110101101000000001000000010000
00100110000001100000000110011000101000011010101100001100101100100001000100000110000000000000000001101
01100011011001100000100000100000010010000000001110101100000110000000001010010011000100000101100001000
00000000010000000000000001000010101001100000010101100000010011000010000000101101010010110001000010100
10100101010010111100000000000000001100000100000100100100000100010100011001000010010000100011010010001
0000100001100000110000001000001001000100011101000001010010001000000000100010010010000100001000010000G
